1500 3190
0 1
2 3
2 4
2 5
2 6
2 7
8 9
8 10
8 11
8 12
8 13
8 14
8 15
8 16
8 17
18 19
18 20
18 21
18 22
18 23
24 25
24 26
24 27
24 28
24 29
24 30
31 32
31 33
31 34
31 35
31 36
37 38
37 39
37 40
37 41
37 42
37 43
37 44
45 46
45 47
45 48
45 49
45 50
51 52
51 53
51 54
55 56
55 57
55 58
55 59
55 60
55 61
55 62
63 64
63 65
63 66
63 67
63 68
64 65
64 66
64 67
64 68
65 66
65 67
65 68
66 67
66 68
67 68
69 70
69 71
69 72
73 74
73 75
73 76
73 77
73 78
73 79
73 80
73 81
82 83
82 84
82 85
86 87
86 88
86 89
86 90
86 91
86 92
93 94
93 95
93 96
93 97
93 98
99 100
99 101
99 102
99 103
104 105
104 106
104 107
104 108
104 109
110 111
110 112
110 113
110 114
110 115
110 116
110 117
110 118
110 119
110 120
121 122
121 123
121 124
121 125
121 126
127 128
127 129
127 130
127 131
127 132
133 134
133 135
133 136
133 137
133 138
134 135
134 136
134 137
134 138
135 136
135 137
135 138
136 137
136 138
139 140
139 141
139 142
139 143
139 144
139 145
146 147
146 148
146 149
146 150
146 151
146 152
146 153
146 154
146 155
146 156
146 157
146 158
146 159
160 161
160 162
160 163
160 164
160 165
160 166
137 138
167 88
167 168
167 169
170 171
170 172
170 173
170 174
170 175
171 172
171 173
171 174
171 175
172 173
172 174
172 175
173 174
173 175
174 175
46 47
46 48
46 49
46 50
176 100
176 177
47 48
47 49
47 50
178 179
178 180
178 181
178 182
178 183
178 184
178 185
178 186
178 187
178 188
178 189
178 190
191 192
191 193
191 194
191 195
191 196
191 197
191 198
191 199
191 200
191 201
191 202
191 203
191 204
191 205
191 206
191 207
208 209
208 210
208 211
208 212
208 213
214 215
214 216
214 217
214 218
214 219
214 220
221 222
221 223
221 224
221 225
221 226
221 227
221 228
221 229
221 230
221 231
221 232
221 233
192 193
192 194
192 195
192 196
192 197
192 198
192 199
192 200
192 201
192 202
192 203
192 204
192 205
192 206
192 207
234 235
234 236
234 237
234 238
234 239
234 240
234 241
242 243
242 244
242 245
242 246
247 244
247 245
247 248
247 249
247 250
247 251
252 253
252 254
252 255
252 256
252 257
252 258
252 259
252 260
261 262
261 263
261 264
261 265
266 267
266 268
266 269
266 270
266 271
266 272
266 273
274 275
274 276
274 277
274 278
279 280
279 281
279 282
279 283
279 284
280 281
280 282
280 283
280 284
281 282
281 283
281 284
285 286
285 287
285 288
285 289
285 290
285 291
285 292
285 293
282 283
282 284
283 284
283 294
295 296
295 297
295 298
299 300
299 301
299 302
299 303
299 304
299 305
306 307
306 308
306 309
306 310
306 311
306 312
313 314
313 315
313 316
313 317
313 318
307 319
307 320
307 321
307 322
323 324
323 325
323 326
323 327
323 328
128 129
128 130
128 131
128 132
243 244
243 245
243 246
329 330
329 331
329 332
329 333
329 334
329 335
329 336
329 337
338 339
338 340
338 341
338 342
338 343
338 344
338 345
129 130
129 131
129 132
300 301
300 302
300 303
300 304
300 305
130 131
130 132
131 132
346 347
346 348
32 33
32 34
32 35
32 36
33 34
33 35
33 36
349 350
349 351
349 352
349 353
349 354
349 355
349 356
350 357
350 358
193 194
193 195
193 196
193 197
193 198
193 199
193 200
193 201
193 202
193 203
193 204
193 205
193 206
193 207
359 360
359 361
359 362
359 363
359 364
359 365
359 366
9 10
9 11
9 12
9 13
9 14
9 15
9 16
9 17
367 368
367 369
367 370
367 371
367 372
367 373
179 180
179 181
179 182
179 374
25 375
25 376
25 377
25 378
25 379
25 380
194 195
194 196
194 197
194 198
194 199
194 200
194 201
194 202
194 203
194 204
194 205
194 206
194 207
381 382
381 383
381 384
381 385
381 386
235 236
235 237
235 238
235 239
235 240
235 241
235 387
235 388
235 389
235 390
235 391
235 392
235 393
180 181
180 182
180 374
180 394
314 315
314 316
314 317
314 318
314 395
314 396
209 210
209 211
209 212
209 213
210 211
210 212
210 213
397 398
397 399
397 400
397 401
397 402
48 49
48 50
403 404
403 405
403 406
403 407
408 409
408 410
408 411
408 412
408 413
408 414
408 415
408 416
408 417
418 419
418 420
418 421
418 422
418 423
424 425
424 426
424 427
424 428
424 429
424 430
351 352
351 353
351 354
351 355
351 356
211 212
211 213
212 213
431 432
431 433
431 434
431 435
431 436
431 437
49 50
382 383
382 384
382 385
382 386
195 196
195 197
195 199
195 200
195 201
195 202
195 203
195 204
195 207
438 439
438 440
147 155
147 156
441 442
441 443
441 444
441 445
441 446
441 447
448 449
448 450
448 451
448 452
448 453
448 454
448 455
448 456
448 457
448 458
448 459
448 460
461 462
461 463
461 464
461 465
461 466
467 468
467 294
467 469
467 470
383 471
383 384
383 385
383 386
34 35
34 36
35 36
472 473
472 474
472 475
472 476
477 478
477 479
477 480
477 481
477 482
477 483
477 484
477 485
477 486
487 488
487 489
487 490
487 491
487 492
487 493
494 495
494 496
494 497
494 498
494 499
494 500
501 502
501 503
501 504
501 505
501 506
501 507
501 508
509 510
509 511
509 512
509 513
509 514
375 515
375 516
375 517
375 518
375 519
324 325
324 326
324 327
324 328
449 450
449 451
449 452
449 453
449 454
449 455
449 456
449 457
449 458
449 459
449 460
52 520
52 521
52 522
52 523
52 53
52 54
52 524
52 525
520 521
520 522
526 527
526 528
526 529
526 530
526 531
244 245
244 246
244 248
244 249
244 250
244 251
532 533
532 534
532 535
532 536
532 537
532 538
532 539
532 540
541 542
541 543
541 544
541 545
541 546
541 547
253 254
253 255
253 256
253 257
253 258
253 259
253 260
161 162
161 163
161 164
161 165
161 166
162 163
162 164
162 165
162 166
163 164
163 165
163 166
236 237
236 238
236 239
236 240
236 241
542 548
542 549
550 551
550 552
550 553
550 554
550 555
551 552
551 553
551 554
551 555
552 553
552 554
552 555
553 554
553 555
74 75
74 76
74 77
74 78
74 79
74 80
74 81
556 557
556 558
556 559
556 560
556 561
556 562
556 563
556 564
565 566
565 567
565 568
565 569
565 570
571 572
571 573
571 574
571 575
571 576
571 577
554 555
578 579
578 580
578 581
578 582
583 584
583 585
583 586
583 587
583 588
583 589
590 591
590 592
590 593
590 594
590 595
596 597
596 598
597 598
597 599
597 600
597 601
598 599
598 600
598 601
602 603
602 604
602 605
602 606
602 607
222 223
222 224
222 225
222 226
222 227
222 228
222 229
222 230
222 231
222 232
222 233
608 609
608 610
608 611
612 613
612 614
612 615
612 616
612 617
612 618
619 620
619 621
619 622
619 623
619 624
625 626
625 627
625 628
625 629
625 630
631 632
631 633
631 634
631 635
631 636
631 637
631 638
631 639
631 640
641 642
641 643
641 644
641 645
646 647
646 648
646 649
646 650
646 651
237 238
237 239
237 240
237 241
652 653
652 654
652 655
652 656
652 657
658 659
658 660
658 661
658 662
658 663
658 664
572 573
572 574
572 575
572 576
572 577
665 666
665 667
665 668
665 669
665 670
3 478
3 479
3 4
3 481
3 5
3 6
3 7
671 672
671 673
671 674
671 675
671 676
94 95
94 96
94 97
94 98
462 463
462 464
462 465
462 466
677 678
677 679
677 680
677 681
677 682
223 224
223 225
223 226
223 227
223 228
223 229
223 230
223 231
223 232
223 233
521 522
398 399
398 400
398 401
398 402
478 479
478 683
478 684
478 685
478 480
478 483
478 686
478 484
478 485
478 486
26 27
26 28
26 29
26 30
687 688
687 689
687 690
687 691
687 692
687 693
181 182
181 394
181 694
181 184
181 185
181 190
181 695
696 697
696 698
696 699
696 700
696 701
696 702
696 703
697 698
697 699
697 700
697 701
697 702
697 703
698 699
698 700
698 701
698 702
698 703
699 700
699 701
699 702
699 703
700 701
700 702
700 703
701 702
701 703
182 694
182 186
182 187
182 704
705 706
705 707
705 708
705 709
705 710
705 711
705 712
706 707
706 708
706 709
706 710
706 711
706 712
706 713
706 714
439 440
439 715
439 716
439 717
439 718
702 703
719 720
719 721
719 722
719 723
719 724
725 726
725 727
725 728
725 729
725 730
731 732
731 733
731 734
731 735
215 216
215 217
215 218
215 219
215 220
330 331
330 332
330 333
330 334
330 335
330 336
330 337
707 708
707 709
707 710
707 711
707 712
708 709
708 710
708 711
708 712
709 710
709 711
709 712
710 711
710 712
711 712
557 558
557 559
557 560
557 561
557 562
557 563
557 564
479 480
479 4
479 481
479 482
479 483
479 484
479 485
479 486
736 737
736 738
736 739
736 740
736 741
736 742
736 743
164 165
164 166
744 745
744 746
744 747
744 748
744 749
488 489
488 490
488 491
488 492
488 493
331 332
331 333
331 334
331 335
331 336
331 337
543 544
543 545
543 546
543 547
750 751
750 752
10 11
10 12
10 13
10 14
10 15
10 16
10 17
753 754
753 755
753 756
753 757
753 758
523 525
53 54
53 524
759 760
759 761
759 762
759 763
759 764
759 765
759 766
767 768
767 769
767 770
767 771
767 772
767 773
751 774
751 752
751 775
544 545
544 546
544 547
776 777
776 778
776 779
776 780
776 781
776 782
776 783
776 784
776 785
776 786
776 787
776 788
95 96
95 97
95 98
96 97
96 98
97 98
463 464
463 465
463 466
789 83
789 790
789 791
789 792
793 794
793 795
793 796
793 797
793 798
238 239
238 240
238 241
245 246
245 248
245 249
245 250
245 251
799 800
799 801
799 802
799 803
799 804
799 805
799 806
799 807
800 801
800 802
800 803
800 804
800 805
800 806
800 807
808 809
808 810
808 811
808 812
808 813
808 814
808 815
808 816
808 817
808 818
489 492
384 385
384 386
385 386
626 819
626 627
626 628
626 629
626 630
626 820
450 451
450 452
450 453
450 454
450 455
450 456
450 457
450 458
450 459
450 460
821 822
821 823
821 824
821 825
821 826
165 166
100 177
11 12
11 13
11 14
11 15
11 16
11 17
468 294
468 469
468 470
794 795
794 796
794 797
794 798
573 574
573 575
573 576
573 577
827 828
827 829
827 830
827 831
827 832
833 834
833 835
833 836
833 837
833 838
574 575
574 576
574 577
839 840
839 841
839 842
839 843
839 844
374 183
374 184
845 846
845 847
845 848
845 849
845 850
845 851
845 852
845 853
854 855
854 856
854 857
854 858
854 859
854 860
239 240
239 241
419 420
419 421
419 422
419 423
861 862
861 863
861 864
599 600
599 601
865 866
865 867
865 868
865 869
726 727
726 728
726 729
726 730
727 728
727 729
727 730
728 729
728 730
729 730
240 241
296 870
296 871
296 872
296 873
627 628
627 629
627 630
628 629
628 630
628 820
629 630
629 820
584 589
874 875
874 876
874 877
874 878
874 879
840 841
840 842
840 843
840 844
745 746
745 747
745 748
745 749
308 309
308 310
308 311
308 312
309 310
309 311
309 312
310 311
310 312
311 312
880 881
880 882
880 883
880 884
880 885
880 886
111 113
887 888
887 889
887 890
887 891
887 892
887 893
887 894
254 255
254 256
254 257
254 258
254 259
254 260
600 601
895 896
895 897
895 898
895 899
895 900
895 901
527 528
527 529
527 530
527 531
732 734
732 902
732 903
732 904
732 905
732 906
319 320
319 321
319 907
908 909
908 910
908 911
908 912
908 913
332 333
332 334
332 335
332 336
332 337
613 614
613 615
613 616
613 617
613 618
914 915
914 916
917 918
917 919
917 920
921 922
921 923
921 924
921 925
921 926
921 927
921 928
510 511
510 512
510 513
510 514
511 512
511 513
511 514
929 930
929 931
929 932
929 933
929 934
929 935
929 936
148 149
148 150
148 151
148 152
148 153
148 154
149 150
149 151
149 152
149 153
149 154
150 151
150 152
150 153
150 154
151 152
151 153
151 154
152 153
152 154
937 938
937 939
937 940
937 941
937 942
938 939
938 940
938 941
938 942
939 940
939 941
939 942
940 941
940 942
941 942
320 321
320 322
320 907
943 944
943 945
943 946
153 154
947 948
947 949
947 950
947 951
947 952
948 949
948 950
948 951
948 952
949 950
949 951
949 952
950 951
950 952
951 952
953 954
953 955
953 956
953 957
953 958
953 959
954 955
954 956
954 957
954 958
954 959
955 956
955 957
955 958
955 959
956 957
956 958
956 959
957 958
957 959
958 959
960 961
960 962
960 963
960 964
960 965
960 966
960 967
715 716
442 443
442 444
442 445
442 446
443 444
443 445
443 446
968 969
968 970
968 971
968 972
968 973
451 452
451 453
451 454
451 455
451 456
451 457
451 458
451 459
451 460
809 810
809 811
809 974
809 812
809 975
809 813
809 976
809 977
809 814
809 815
809 978
809 979
809 980
809 816
809 817
809 981
809 982
983 984
983 985
983 986
983 987
983 988
984 985
984 986
984 987
984 988
985 986
985 987
985 988
986 987
986 988
987 988
989 990
989 991
717 718
992 993
992 994
992 995
992 996
992 997
988 998
548 549
999 1000
999 1001
999 1002
999 1003
999 1004
999 1005
999 1006
999 1007
999 1008
75 76
75 77
75 80
75 81
1009 642
1009 1010
27 28
27 29
27 30
1011 1012
1011 1013
1011 1014
1011 1015
1011 1016
1011 1017
545 546
545 547
333 334
333 335
333 336
333 337
614 615
614 616
614 617
614 618
1018 1019
1018 1020
1018 1021
1018 1022
1018 1023
155 156
546 547
1024 1025
1024 1026
512 513
512 514
513 514
513 1027
615 616
615 617
615 618
1028 1029
1028 1030
1028 1031
1028 1032
1028 1033
1034 1035
1034 1036
866 1037
866 1038
866 1039
866 867
866 868
866 869
866 1040
866 1041
140 141
140 142
140 143
140 144
140 145
376 377
376 378
376 379
376 380
70 71
70 1042
70 1043
70 1044
70 72
70 1045
1046 1047
1046 1048
1046 1049
1046 1050
1046 1051
1046 1052
575 576
575 577
1053 1054
1053 1055
1053 1056
1053 1057
1053 1058
1059 1060
1059 1061
1059 1062
1059 1063
1059 1064
301 302
301 303
301 304
301 305
394 185
394 190
1065 1066
1065 1067
1065 1068
1065 1069
1065 1070
733 734
733 735
19 20
19 21
19 22
19 23
1071 1072
1071 1073
1071 1074
1071 1075
1071 1076
1071 1077
1072 1073
1072 1074
1072 1075
1072 1076
1072 1077
1078 1079
1078 846
1078 1080
1078 1081
1078 1082
1078 1083
1078 1084
1078 1085
1078 1086
1078 1087
1088 1089
1088 1090
1088 1091
1092 1093
1092 1094
1092 1095
1092 1096
1092 1097
1092 1098
1099 609
1099 1100
1099 1101
1099 1102
141 142
141 143
141 144
141 145
1103 1104
1103 1105
1103 1106
1103 1107
1103 1108
1103 1109
1110 1111
1110 1112
1113 1114
1113 1115
1113 1116
1113 1117
1113 1118
1119 1120
1119 1121
1119 1122
1119 1123
1119 1124
28 29
28 30
29 30
1125 1126
1125 1127
1125 1128
1125 1129
1125 1130
1125 1131
157 158
157 159
158 159
1132 1133
1132 1134
1132 1135
1132 1136
1132 1137
1132 1138
1132 1139
1132 1140
1132 1141
1132 1142
1143 1144
1143 1145
1143 1146
1143 1147
1143 1148
1143 1149
12 13
12 14
12 15
12 16
12 17
1150 1151
1150 1152
1150 1153
1150 1154
1150 1155
1156 1157
1156 1158
616 617
616 618
1133 1134
1133 1135
1133 1136
1133 1137
1133 1138
1133 1139
1133 1140
1133 1141
1133 1142
1159 1160
1159 1161
1159 1162
1159 1163
1159 1164
1144 1145
1144 1146
1144 1147
1144 1148
1144 1149
1079 846
1079 847
1079 1165
1079 851
1079 1166
1079 852
1079 1167
1079 1168
1114 1115
1114 1116
1114 1117
1114 1118
1169 1170
1169 1171
1169 1172
1169 1173
1169 1174
1175 1176
1175 1177
1175 1178
1175 1179
1175 1180
196 197
196 198
196 199
196 200
196 201
196 202
196 203
196 204
196 205
196 206
196 207
1181 1182
1181 1183
1181 1184
1181 1185
1181 1186
1181 1187
1181 1188
1181 1189
1181 1190
617 618
1191 1192
1191 1193
1191 1194
609 610
609 1195
609 1196
609 1197
609 990
609 1100
609 1102
609 611
609 1198
1199 1200
1199 1201
1199 1202
1199 1203
1199 1204
1199 1205
1199 1206
1199 1207
1199 1208
1199 1209
76 77
76 80
76 81
76 1210
1211 1212
1211 1213
1211 1214
1211 1215
1211 1216
197 198
197 199
197 200
197 201
197 202
197 203
197 204
197 205
197 206
197 207
1217 1218
1217 1219
1217 1220
1217 1221
1217 1222
1217 1223
1217 1224
1217 1225
533 534
533 536
533 537
533 538
533 539
533 540
101 102
101 103
102 103
1115 1116
1115 1117
1115 1118
1116 1117
1116 1118
1226 1227
1226 1228
464 465
464 466
465 466
1229 1230
1229 1231
1229 1232
1229 1233
1229 1234
1230 1231
1230 1232
1230 1233
1230 1234
1231 1232
1231 1233
1231 1234
1235 1236
1235 1237
1235 1238
1235 1239
1235 1240
1235 1241
1236 1237
1236 1238
1236 1239
1236 1240
1236 1241
888 889
888 890
888 891
888 892
888 893
888 894
889 890
889 891
889 892
889 893
889 894
890 891
890 892
890 893
890 894
891 892
891 893
891 894
892 893
892 894
893 894
20 21
20 22
20 23
1242 1243
1242 1244
1242 1245
1242 1246
1242 1247
1242 1248
1249 1250
1249 1251
1249 1252
1249 1253
1249 1254
1089 1090
1089 1091
1255 1256
1255 1257
1255 1258
1256 1257
1256 1258
1257 1258
1259 1260
1259 1261
1259 1262
1259 1263
1259 1264
1237 1238
1237 1239
1237 1240
1237 1241
1238 1239
1238 1240
1238 1241
1243 1244
1243 1245
1243 1246
1243 1247
1243 1248
1160 1162
1160 1163
1160 1164
1160 1265
1160 1266
1160 1267
1160 1268
1160 1269
56 57
56 58
56 59
56 60
56 61
56 62
515 516
515 517
515 518
515 519
1270 1271
1270 1272
1270 1273
1270 1274
1270 1275
1270 1276
1270 1277
1270 1278
1270 1279
1258 1280
1258 1281
1176 1177
1176 1178
1176 1179
1176 1180
1282 1283
1282 1228
1282 1284
1282 1285
1282 1286
1287 1288
1287 1289
846 847
846 848
846 849
846 850
846 1165
846 851
846 1166
846 852
846 1167
846 1168
846 853
224 225
224 226
224 227
224 228
224 229
224 230
224 231
224 232
224 233
1232 1233
1232 1234
1233 1234
1290 1291
1290 1292
1290 1293
1290 1294
1290 1295
1290 1296
1290 1297
1239 1240
1239 1241
1177 1178
1177 1179
1177 1180
1178 1179
1178 1180
1179 1180
1298 1299
1298 1300
1298 1301
1298 1302
1298 1303
1304 1305
1304 1306
1304 1307
1304 1308
1304 1309
1304 1310
1311 1312
1311 1313
1311 1314
1311 1315
1316 1317
1316 1318
1316 1319
1316 1320
1316 1321
1316 1322
1323 1324
1323 1325
1323 1326
1323 1327
1328 1329
1328 1330
1328 1331
1328 1332
1328 1333
1328 1334
1328 1335
1328 1336
1328 1337
1328 1338
1328 1339
1240 1241
1200 1201
1200 1202
1200 1203
1200 1204
1200 1205
1200 1206
1200 1207
1200 1208
1200 1209
1340 1341
1340 1342
1340 1343
1340 1344
1340 1345
1346 1347
1346 1348
1346 1349
1346 1350
1346 1351
1352 1353
1352 1354
1352 1355
1352 1356
1352 1357
1352 1358
1352 1305
1359 1360
1359 1361
1359 1362
1359 1363
1359 1364
1359 1365
1359 1366
1360 1361
1360 1362
1360 1363
1360 1364
1360 1365
1360 1366
1361 1362
1361 1363
1361 1364
1361 1365
1361 1366
1362 1363
1362 1364
1362 1365
1362 1366
1363 1364
1363 1365
1363 1366
1364 1365
1364 1366
1367 1368
1367 1369
1367 1370
1367 1371
1367 1372
1367 1373
1353 1354
1353 1355
1353 1356
1353 1357
1353 1358
1374 1375
1374 1376
1374 1377
1374 1378
1374 1379
1374 1380
1374 1381
225 226
225 227
225 228
225 229
225 230
225 231
225 232
225 233
226 227
226 228
226 229
226 230
226 231
226 232
226 233
227 228
227 229
227 230
227 231
227 232
227 233
228 229
228 230
228 231
228 232
228 233
229 230
229 231
229 232
229 233
230 231
230 232
230 233
231 232
231 233
1382 1383
1382 1384
1382 1385
1382 1386
1382 1387
1382 1388
1389 1390
1389 486
1389 1391
1389 1392
1389 1393
1389 1394
1389 1395
1389 1396
1389 1397
452 453
452 454
452 455
452 456
452 457
452 458
452 459
452 460
453 454
453 455
453 456
453 457
453 458
453 459
453 460
454 455
454 456
454 457
454 458
454 459
454 460
455 456
455 457
455 458
455 459
455 460
456 457
456 458
456 459
456 460
457 458
457 459
457 460
458 459
458 460
87 88
87 89
87 90
734 902
734 903
734 904
734 735
1111 1398
1111 1112
1111 1399
1111 1400
1111 1401
1398 1399
1398 1400
1398 1401
1399 1400
1399 1401
1400 1401
410 411
410 412
410 413
410 414
410 415
410 416
410 417
411 412
411 413
411 414
411 415
411 416
411 417
412 413
412 414
412 415
412 416
412 417
413 414
413 415
413 416
413 417
414 415
414 416
414 417
415 416
415 417
1402 1403
1402 1404
1402 1405
1402 1406
1402 1407
1402 1408
659 660
659 661
659 662
659 663
659 664
1134 1135
1134 1136
1134 1137
1134 1138
1134 1139
1134 1140
1134 1141
1134 1142
909 910
909 911
909 912
909 913
910 911
910 912
910 913
911 912
911 913
912 913
1117 1118
38 39
38 40
38 41
38 42
38 43
38 44
39 40
39 41
39 42
39 43
39 44
40 41
40 42
40 43
40 44
459 460
13 14
13 15
13 16
13 17
294 469
294 470
183 184
232 233
1104 1105
1104 1106
1104 1107
1104 1108
1104 1109
1105 1106
1105 1107
1105 1108
1105 1109
1106 1107
1106 1108
1106 1109
1409 1410
1409 1411
1409 1412
1409 1413
1409 1414
1280 1281
41 42
41 43
41 44
42 43
42 44
43 44
1107 1108
1107 1109
1108 1109
1415 1416
1415 1417
1418 1419
1418 1420
1418 1421
1418 1422
1418 1423
1418 1424
112 1425
112 1426
112 116
112 117
112 119
828 829
828 830
828 831
828 832
14 15
14 16
14 17
1093 1094
1093 1095
1093 1096
1093 1097
1093 1098
1094 1095
1094 1096
1094 1097
1094 1098
495 496
495 497
495 498
495 499
495 500
1365 1366
432 433
432 434
432 435
432 436
432 437
660 661
660 662
660 663
660 664
416 417
1427 1428
1427 1429
1427 1430
1427 1431
1427 1432
1427 1433
795 796
795 797
795 798
688 689
688 691
688 693
688 1434
688 1435
1329 1330
1329 1331
1329 1332
1329 1333
1329 1334
1329 1335
1329 1336
1329 1337
1329 1338
1329 1339
774 775
774 1436
1437 1438
1437 1439
1437 1440
1437 1441
1437 1442
1054 1055
1054 1056
1054 1057
1054 1058
801 802
801 803
801 804
801 805
801 806
801 807
1443 1444
1443 1445
1443 1446
1218 1221
1218 1222
1447 1448
1447 1449
1447 1450
1447 1451
1447 1452
248 249
248 250
248 251
249 250
249 251
250 251
1453 1454
1453 1455
1453 1456
1453 1457
302 303
302 304
302 305
303 304
303 305
304 305
847 848
847 849
847 850
847 852
1458 267
1458 1459
1458 1460
1458 1461
1458 1462
1463 269
1463 1464
1463 473
1463 474
822 823
822 824
822 825
822 826
1465 1466
1465 1467
1465 1468
1465 1469
1465 1470
993 994
993 995
993 996
993 997
267 1459
267 1460
267 1461
267 1462
1471 1472
1471 1473
1471 1474
720 721
720 722
720 723
720 724
721 722
721 723
721 724
722 723
722 724
723 724
862 1475
862 863
862 864
1476 1477
1476 1478
1476 1479
1476 1480
1476 1481
1476 1482
1483 1484
1483 1485
1483 1486
1483 1487
1483 1488
1483 1489
321 322
321 907
841 842
841 843
841 844
841 1490
841 1491
841 1492
1493 1494
1493 1495
1493 1496
1493 1497
1493 1498
255 256
255 257
255 258
255 259
255 260
1499 1500
1499 1501
1499 1502
1499 1503
1504 1505
1504 1506
1504 1507
1504 1508
1504 1509
1510 1511
1510 1512
1510 1513
1510 1514
1510 1515
1510 1516
1510 1517
1510 1518
1510 1519
1520 1521
1520 1522
1520 1523
1520 1524
1520 1525
1520 1526
1000 1004
1000 1006
1000 1007
1000 1008
1527 1528
1527 1529
1527 1530
1527 1531
683 480
683 483
683 484
683 486
683 1395
683 1532
848 849
848 850
848 851
848 852
848 853
842 843
842 844
849 850
849 852
1533 1534
1533 1535
1533 1536
1533 1537
1533 1538
1533 1539
1540 1541
1540 1542
1540 1543
1540 1544
1540 1545
1540 1546
1494 1495
1494 1496
1494 1497
1494 1498
1354 1355
1354 1356
1354 1357
1354 1358
1547 1548
1547 1549
1547 1550
1547 1551
1547 1552
1547 1553
268 269
15 16
15 17
1554 1555
1554 1556
1554 1557
1554 1558
1554 1559
1554 1560
1368 1370
1368 1371
1368 1372
1368 1373
810 811
810 974
810 975
810 815
810 1561
810 818
1562 1563
1562 1564
1562 1565
1562 1566
198 199
198 200
198 201
198 202
198 203
198 204
198 205
198 206
199 200
199 201
199 202
199 203
199 204
199 205
199 206
199 207
200 201
200 202
200 203
200 204
200 205
200 206
200 207
201 202
201 203
201 204
201 205
201 206
201 207
202 203
202 204
202 205
202 206
202 207
203 204
203 205
203 206
203 207
204 205
204 206
204 207
1567 1568
1567 1569
1567 1570
1567 1571
1567 1572
1567 1573
1567 1574
1568 1569
1568 1570
1568 1571
1568 1572
1568 1573
1568 1574
1569 1570
1569 1571
1569 1572
1569 1573
1569 1574
1575 1576
1575 1577
1575 1578
1575 1579
1575 1580
1575 1581
1575 1582
1575 1583
1575 1584
1575 1585
1575 1586
1575 1587
1575 1588
1575 1589
528 529
528 530
528 531
1590 1591
1590 1592
1590 1593
1590 1594
1590 1595
1355 1356
1355 1357
1355 1358
1356 1357
1356 1358
1596 1597
1596 1598
1596 1599
1596 1600
1596 1601
1596 1602
186 187
1603 579
1603 1604
1151 1152
1151 1153
1151 1154
1151 1155
1152 1153
1152 1154
1152 1155
16 17
881 882
881 883
881 884
881 885
881 886
603 604
603 605
603 606
603 607
672 673
672 675
672 676
205 206
1548 1549
1548 1550
1548 1551
1548 1552
1548 1553
1549 1550
1549 1551
1549 1552
1549 1553
1605 1606
1605 1607
1605 1608
1605 1609
1605 1610
1605 1611
1605 1612
21 22
21 23
1570 1571
1570 1572
1570 1573
1570 1574
1001 1002
1001 1003
1001 1004
1001 1005
1357 1358
1571 1572
1571 1573
1571 1574
1572 1573
1572 1574
1613 1614
1613 1615
1613 1616
1613 1617
1613 1618
1613 1619
1613 1620
1613 1621
1622 1623
1622 1624
1622 1625
1622 1626
1622 1627
142 143
142 144
142 145
558 559
558 560
558 561
558 562
558 563
558 564
559 560
559 561
559 562
559 563
559 564
560 561
560 562
560 563
560 564
561 562
561 563
561 564
562 563
562 564
1606 1609
1606 1610
1606 1611
1606 1612
1244 1245
1244 1246
1244 1247
1244 1248
1576 1577
1576 1578
1576 1579
1576 1580
1576 1581
1576 1582
1576 1583
1576 1584
1576 1585
1576 1586
1576 1587
1576 1588
1576 1589
269 270
269 1410
269 1464
269 1628
269 1629
269 1630
269 1631
334 337
563 564
270 271
270 273
1521 1632
1521 1633
1521 1634
1550 1551
1550 1552
1550 1553
684 483
684 686
1635 1636
1635 1637
1635 1638
1635 1639
1635 1640
1641 1642
1641 1643
1641 1644
1641 1645
1641 1646
811 815
811 980
811 1561
811 818
1419 1420
1419 1421
1419 1422
1419 1423
1419 1424
1573 1574
1647 642
1647 1010
1647 1648
1647 1649
974 975
974 976
974 977
974 978
974 979
974 1650
188 189
188 190
189 190
190 695
190 704
190 1651
685 480
1652 1653
1652 1654
1652 1655
1652 1656
1652 1657
1652 1658
1652 1659
1660 1661
1660 1662
1660 1663
1660 1664
1660 1665
1660 1666
1660 1667
1661 1662
1661 1663
1661 1664
1661 1665
1661 1666
1661 1667
1668 277
1668 1669
1668 1670
1668 1671
1668 1672
1668 1673
713 714
1674 1675
1674 1676
1674 1677
1674 1678
1674 1679
1675 1676
1675 1677
1675 1678
1675 1679
1676 1677
695 704
695 1651
704 1651
1677 1678
1677 1679
1420 1421
1420 1422
1420 1423
1420 1424
404 1680
404 405
404 406
404 407
1681 1682
1681 1683
1681 88
1681 1684
1681 1685
1686 1687
1686 1688
1686 1689
1686 1690
1686 1691
1686 1692
1686 1693
1686 1694
1686 1695
1686 1696
1686 1697
1686 1698
1686 1699
1686 1700
1686 1701
1686 1702
1687 1688
1687 1689
1687 1690
1687 1698
1687 1699
1687 1701
1687 1702
1688 1689
1688 1690
1688 1698
1688 1699
1688 1701
1688 1702
1689 1690
1689 1691
1689 1692
1689 1693
1689 1694
1689 1695
1689 1696
1689 1697
1689 1698
1689 1699
1689 1700
1689 1701
1689 1702
1690 1691
1690 1692
1690 1693
1690 1694
1690 1695
1690 1696
1690 1697
1690 1698
1690 1699
1690 1700
1690 1701
1690 1702
1607 1608
1390 1391
1390 1392
1390 1393
1390 1397
1703 1704
1703 1705
1703 1706
1703 1707
1703 1708
1703 1709
1710 1711
1710 1712
1711 1713
1711 1090
1711 1712
1711 348
1713 1714
1713 1090
1713 1712
1713 348
1714 1090
1090 1712
1090 348
1090 1091
1715 1716
1715 1717
1715 1718
1715 1719
1715 1720
256 257
256 258
256 259
256 260
1721 1722
1721 1723
1721 1724
1721 1725
1721 1726
22 23
1712 348
1682 1683
1682 88
1682 1727
1682 1684
1682 1685
1683 88
1683 1728
1729 1730
1729 1731
1729 1732
1729 1733
1729 1734
377 378
377 379
377 380
378 379
378 380
379 380
88 1735
88 168
88 89
88 90
88 1736
88 91
88 92
88 1737
88 1738
88 1739
1735 168
1740 1741
1740 1742
1740 1743
1740 1744
1740 1745
1740 1746
1740 1747
1740 1748
1740 1749
1740 1750
1740 1751
1623 1624
1623 1625
1623 1626
1623 1627
347 348
1716 1718
1716 1719
1716 1720
922 923
922 924
922 925
922 926
922 927
922 928
915 916
915 1752
915 1753
915 1754
1095 1096
1095 1097
1095 1098
902 903
902 904
902 905
902 906
768 769
768 770
768 771
768 772
768 773
1182 1186
1330 1331
1330 1332
1330 1333
1330 1334
1330 1335
1330 1336
1330 1337
1330 1338
1330 1339
1755 1756
1755 1757
1755 1758
1755 1759
1755 1760
591 592
591 593
591 594
591 595
1438 1761
1438 1439
1438 1762
1438 1763
1438 1440
1438 1441
1438 1442
1438 1764
1438 1765
1761 1439
1761 1762
1761 1763
1439 1762
1439 1763
1439 1440
1439 1441
1439 1442
1762 1763
1766 1767
1766 1768
1766 1769
1766 1770
1766 1771
666 667
666 668
666 669
666 670
850 851
850 852
850 853
1691 1692
1691 1693
1691 1694
1691 1695
1691 1696
1691 1697
1691 1698
1691 1699
1691 1700
1772 1773
1772 1774
1772 1775
1772 1776
1772 1777
77 80
77 81
77 1210
1727 1778
1727 1779
1727 1780
1727 1781
1727 1782
1727 1783
1727 1684
1317 1318
1317 1319
1317 1320
1317 1321
1317 1322
