2500 1790
0 1
2 3
2 4
2 5
2 6
2 7
8 9
8 10
8 11
8 12
8 13
8 14
8 15
8 16
8 17
18 19
18 20
18 21
18 22
18 23
24 25
24 26
24 27
24 28
24 29
24 30
31 32
31 33
31 34
31 35
31 36
37 38
37 39
37 40
37 41
37 42
37 43
37 44
45 46
45 47
45 48
45 49
45 50
51 52
51 53
51 54
55 56
55 57
55 58
55 59
55 60
55 61
55 62
63 64
63 65
63 66
63 67
63 68
64 65
64 66
64 67
64 68
65 66
65 67
65 68
66 67
66 68
67 68
69 70
69 71
69 72
73 74
73 75
73 76
73 77
73 78
73 79
73 80
73 81
82 83
82 84
82 85
86 87
86 88
86 89
86 90
86 91
86 92
93 94
93 95
93 96
93 97
93 98
99 100
99 101
99 102
99 103
104 105
104 106
104 107
104 108
104 109
110 111
110 112
110 113
110 114
110 115
110 116
110 117
110 118
110 119
110 120
121 122
121 123
121 124
121 125
121 126
127 128
127 129
127 130
127 131
127 132
133 134
133 135
133 136
133 137
133 138
134 135
134 136
134 137
134 138
135 136
135 137
135 138
136 137
136 138
139 140
139 141
139 142
139 143
139 144
139 145
146 147
146 148
146 149
146 150
146 151
146 152
146 153
146 154
146 155
146 156
146 157
146 158
146 159
160 161
160 162
160 163
160 164
160 165
160 166
137 138
167 88
167 168
167 169
170 171
170 172
170 173
170 174
170 175
171 172
171 173
171 174
171 175
172 173
172 174
172 175
173 174
173 175
174 175
46 47
46 48
46 49
46 50
176 100
176 177
47 48
47 49
47 50
178 179
178 180
178 181
178 182
178 183
178 184
178 185
178 186
178 187
178 188
178 189
178 190
191 192
191 193
191 194
191 195
191 196
191 197
191 198
191 199
191 200
191 201
191 202
191 203
191 204
191 205
191 206
191 207
208 209
208 210
208 211
208 212
208 213
214 215
214 216
214 217
214 218
214 219
214 220
221 222
221 223
221 224
221 225
221 226
221 227
221 228
221 229
221 230
221 231
221 232
221 233
192 193
192 194
192 195
192 196
192 197
192 198
192 199
192 200
192 201
192 202
192 203
192 204
192 205
192 206
192 207
234 235
234 236
234 237
234 238
234 239
234 240
234 241
242 243
242 244
242 245
242 246
247 244
247 245
247 248
247 249
247 250
247 251
252 253
252 254
252 255
252 256
252 257
252 258
252 259
252 260
261 262
261 263
261 264
261 265
266 267
266 268
266 269
266 270
266 271
266 272
266 273
274 275
274 276
274 277
274 278
279 280
279 281
279 282
279 283
279 284
280 281
280 282
280 283
280 284
281 282
281 283
281 284
285 286
285 287
285 288
285 289
285 290
285 291
285 292
285 293
282 283
282 284
283 284
283 294
295 296
295 297
295 298
299 300
299 301
299 302
299 303
299 304
299 305
306 307
306 308
306 309
306 310
306 311
306 312
313 314
313 315
313 316
313 317
313 318
307 319
307 320
307 321
307 322
323 324
323 325
323 326
323 327
323 328
128 129
128 130
128 131
128 132
243 244
243 245
243 246
329 330
329 331
329 332
329 333
329 334
329 335
329 336
329 337
338 339
338 340
338 341
338 342
338 343
338 344
338 345
129 130
129 131
129 132
300 301
300 302
300 303
300 304
300 305
130 131
130 132
131 132
346 347
346 348
32 33
32 34
32 35
32 36
33 34
33 35
33 36
349 350
349 351
349 352
349 353
349 354
349 355
349 356
350 357
350 358
193 194
193 195
193 196
193 197
193 198
193 199
193 200
193 201
193 202
193 203
193 204
193 205
193 206
193 207
359 360
359 361
359 362
359 363
359 364
359 365
359 366
9 10
9 11
9 12
9 13
9 14
9 15
9 16
9 17
367 368
367 369
367 370
367 371
367 372
367 373
179 180
179 181
179 182
179 374
25 375
25 376
25 377
25 378
25 379
25 380
194 195
194 196
194 197
194 198
194 199
194 200
194 201
194 202
194 203
194 204
194 205
194 206
194 207
381 382
381 383
381 384
381 385
381 386
235 236
235 237
235 238
235 239
235 240
235 241
235 387
235 388
235 389
235 390
235 391
235 392
235 393
180 181
180 182
180 374
180 394
314 315
314 316
314 317
314 318
314 395
314 396
209 210
209 211
209 212
209 213
210 211
210 212
210 213
397 398
397 399
397 400
397 401
397 402
48 49
48 50
403 404
403 405
403 406
403 407
408 409
408 410
408 411
408 412
408 413
408 414
408 415
408 416
408 417
418 419
418 420
418 421
418 422
418 423
424 425
424 426
424 427
424 428
424 429
424 430
351 352
351 353
351 354
351 355
351 356
211 212
211 213
212 213
431 432
431 433
431 434
431 435
431 436
431 437
49 50
382 383
382 384
382 385
382 386
195 196
195 197
195 199
195 200
195 201
195 202
195 203
195 204
195 207
438 439
438 440
147 155
147 156
441 442
441 443
441 444
441 445
441 446
441 447
448 449
448 450
448 451
448 452
448 453
448 454
448 455
448 456
448 457
448 458
448 459
448 460
461 462
461 463
461 464
461 465
461 466
467 468
467 294
467 469
467 470
383 471
383 384
383 385
383 386
34 35
34 36
35 36
472 473
472 474
472 475
472 476
477 478
477 479
477 480
477 481
477 482
477 483
477 484
477 485
477 486
487 488
487 489
487 490
487 491
487 492
487 493
494 495
494 496
494 497
494 498
494 499
494 500
501 502
501 503
501 504
501 505
501 506
501 507
501 508
509 510
509 511
509 512
509 513
509 514
375 515
375 516
375 517
375 518
375 519
324 325
324 326
324 327
324 328
449 450
449 451
449 452
449 453
449 454
449 455
449 456
449 457
449 458
449 459
449 460
52 520
52 521
52 522
52 523
52 53
52 54
52 524
52 525
520 521
520 522
526 527
526 528
526 529
526 530
526 531
244 245
244 246
244 248
244 249
244 250
244 251
532 533
532 534
532 535
532 536
532 537
532 538
532 539
532 540
541 542
541 543
541 544
541 545
541 546
541 547
253 254
253 255
253 256
253 257
253 258
253 259
253 260
161 162
161 163
161 164
161 165
161 166
162 163
162 164
162 165
162 166
163 164
163 165
163 166
236 237
236 238
236 239
236 240
236 241
542 548
542 549
550 551
550 552
550 553
550 554
550 555
551 552
551 553
551 554
551 555
552 553
552 554
552 555
553 554
553 555
74 75
74 76
74 77
74 78
74 79
74 80
74 81
556 557
556 558
556 559
556 560
556 561
556 562
556 563
556 564
565 566
565 567
565 568
565 569
565 570
571 572
571 573
571 574
571 575
571 576
571 577
554 555
578 579
578 580
578 581
578 582
583 584
583 585
583 586
583 587
583 588
583 589
590 591
590 592
590 593
590 594
590 595
596 597
596 598
597 598
597 599
597 600
597 601
598 599
598 600
598 601
602 603
602 604
602 605
602 606
602 607
222 223
222 224
222 225
222 226
222 227
222 228
222 229
222 230
222 231
222 232
222 233
608 609
608 610
608 611
612 613
612 614
612 615
612 616
612 617
612 618
619 620
619 621
619 622
619 623
619 624
625 626
625 627
625 628
625 629
625 630
631 632
631 633
631 634
631 635
631 636
631 637
631 638
631 639
631 640
641 642
641 643
641 644
641 645
646 647
646 648
646 649
646 650
646 651
237 238
237 239
237 240
237 241
652 653
652 654
652 655
652 656
652 657
658 659
658 660
658 661
658 662
658 663
658 664
572 573
572 574
572 575
572 576
572 577
665 666
665 667
665 668
665 669
665 670
3 478
3 479
3 4
3 481
3 5
3 6
3 7
671 672
671 673
671 674
671 675
671 676
94 95
94 96
94 97
94 98
462 463
462 464
462 465
462 466
677 678
677 679
677 680
677 681
677 682
223 224
223 225
223 226
223 227
223 228
223 229
223 230
223 231
223 232
223 233
521 522
398 399
398 400
398 401
398 402
478 479
478 683
478 684
478 685
478 480
478 483
478 686
478 484
478 485
478 486
26 27
26 28
26 29
26 30
687 688
687 689
687 690
687 691
687 692
687 693
181 182
181 394
181 694
181 184
181 185
181 190
181 695
696 697
696 698
696 699
696 700
696 701
696 702
696 703
697 698
697 699
697 700
697 701
697 702
697 703
698 699
698 700
698 701
698 702
698 703
699 700
699 701
699 702
699 703
700 701
700 702
700 703
701 702
701 703
182 694
182 186
182 187
182 704
705 706
705 707
705 708
705 709
705 710
705 711
705 712
706 707
706 708
706 709
706 710
706 711
706 712
706 713
706 714
439 440
439 715
439 716
439 717
439 718
702 703
719 720
719 721
719 722
719 723
719 724
725 726
725 727
725 728
725 729
725 730
731 732
731 733
731 734
731 735
215 216
215 217
215 218
215 219
215 220
330 331
330 332
330 333
330 334
330 335
330 336
330 337
707 708
707 709
707 710
707 711
707 712
708 709
708 710
708 711
708 712
709 710
709 711
709 712
710 711
710 712
711 712
557 558
557 559
557 560
557 561
557 562
557 563
557 564
479 480
479 4
479 481
479 482
479 483
479 484
479 485
479 486
736 737
736 738
736 739
736 740
736 741
736 742
736 743
164 165
164 166
744 745
744 746
744 747
744 748
744 749
488 489
488 490
488 491
488 492
488 493
331 332
331 333
331 334
331 335
331 336
331 337
543 544
543 545
543 546
543 547
750 751
750 752
10 11
10 12
10 13
10 14
10 15
10 16
10 17
753 754
753 755
753 756
753 757
753 758
523 525
53 54
53 524
759 760
759 761
759 762
759 763
759 764
759 765
759 766
767 768
767 769
767 770
767 771
767 772
767 773
751 774
751 752
751 775
544 545
544 546
544 547
776 777
776 778
776 779
776 780
776 781
776 782
776 783
776 784
776 785
776 786
776 787
776 788
95 96
95 97
95 98
96 97
96 98
97 98
463 464
463 465
463 466
789 83
789 790
789 791
789 792
793 794
793 795
793 796
793 797
793 798
238 239
238 240
238 241
245 246
245 248
245 249
245 250
245 251
799 800
799 801
799 802
799 803
799 804
799 805
799 806
799 807
800 801
800 802
800 803
800 804
800 805
800 806
800 807
808 809
808 810
808 811
808 812
808 813
808 814
808 815
808 816
808 817
808 818
489 492
384 385
384 386
385 386
626 819
626 627
626 628
626 629
626 630
626 820
450 451
450 452
450 453
450 454
450 455
450 456
450 457
450 458
450 459
450 460
821 822
821 823
821 824
821 825
821 826
165 166
100 177
11 12
11 13
11 14
11 15
11 16
11 17
468 294
468 469
468 470
794 795
794 796
794 797
794 798
573 574
573 575
573 576
573 577
827 828
827 829
827 830
827 831
827 832
833 834
833 835
833 836
833 837
833 838
574 575
574 576
574 577
839 840
839 841
839 842
839 843
839 844
374 183
374 184
845 846
845 847
845 848
845 849
845 850
845 851
845 852
845 853
854 855
854 856
854 857
854 858
854 859
854 860
239 240
239 241
419 420
419 421
419 422
419 423
861 862
861 863
861 864
599 600
599 601
865 866
865 867
865 868
865 869
726 727
726 728
726 729
726 730
727 728
727 729
727 730
728 729
728 730
729 730
240 241
296 870
296 871
296 872
296 873
627 628
627 629
627 630
628 629
628 630
628 820
629 630
629 820
584 589
874 875
874 876
874 877
874 878
874 879
840 841
840 842
840 843
840 844
745 746
745 747
745 748
745 749
308 309
308 310
308 311
308 312
309 310
309 311
309 312
310 311
310 312
311 312
880 881
880 882
880 883
880 884
880 885
880 886
111 113
887 888
887 889
887 890
887 891
887 892
887 893
887 894
254 255
254 256
254 257
254 258
254 259
254 260
600 601
895 896
895 897
895 898
895 899
895 900
895 901
527 528
527 529
527 530
527 531
732 734
732 902
732 903
732 904
732 905
732 906
319 320
319 321
319 907
908 909
908 910
908 911
908 912
908 913
332 333
332 334
332 335
332 336
332 337
613 614
613 615
613 616
613 617
613 618
914 915
914 916
917 918
917 919
917 920
921 922
921 923
921 924
921 925
921 926
921 927
921 928
510 511
510 512
510 513
510 514
511 512
511 513
511 514
929 930
929 931
929 932
929 933
929 934
929 935
929 936
148 149
148 150
148 151
148 152
148 153
148 154
149 150
149 151
149 152
149 153
149 154
150 151
150 152
150 153
150 154
151 152
151 153
151 154
152 153
152 154
937 938
937 939
937 940
937 941
937 942
938 939
938 940
938 941
938 942
939 940
939 941
939 942
940 941
940 942
941 942
320 321
320 322
320 907
943 944
943 945
943 946
153 154
947 948
947 949
947 950
947 951
947 952
948 949
948 950
948 951
948 952
949 950
949 951
949 952
950 951
950 952
951 952
953 954
953 955
953 956
953 957
953 958
953 959
954 955
954 956
954 957
954 958
954 959
955 956
955 957
955 958
955 959
956 957
956 958
956 959
957 958
957 959
958 959
960 961
960 962
960 963
960 964
960 965
960 966
960 967
715 716
442 443
442 444
442 445
442 446
443 444
443 445
443 446
968 969
968 970
968 971
968 972
968 973
451 452
451 453
451 454
451 455
451 456
451 457
451 458
451 459
451 460
809 810
809 811
809 974
809 812
809 975
809 813
809 976
809 977
809 814
809 815
809 978
809 979
809 980
809 816
809 817
809 981
809 982
983 984
983 985
983 986
983 987
983 988
984 985
984 986
984 987
984 988
985 986
985 987
985 988
986 987
986 988
987 988
989 990
989 991
717 718
992 993
992 994
992 995
992 996
992 997
988 998
548 549
999 1000
999 1001
999 1002
999 1003
999 1004
999 1005
999 1006
999 1007
999 1008
75 76
75 77
75 80
75 81
1009 642
1009 1010
27 28
27 29
27 30
1011 1012
1011 1013
1011 1014
1011 1015
1011 1016
1011 1017
545 546
545 547
333 334
333 335
333 336
333 337
614 615
614 616
614 617
614 618
1018 1019
1018 1020
1018 1021
1018 1022
1018 1023
155 156
546 547
1024 1025
1024 1026
512 513
512 514
513 514
513 1027
615 616
615 617
615 618
1028 1029
1028 1030
1028 1031
1028 1032
1028 1033
1034 1035
1034 1036
866 1037
866 1038
866 1039
866 867
866 868
866 869
866 1040
866 1041
140 141
140 142
140 143
140 144
140 145
376 377
376 378
376 379
376 380
70 71
70 1042
70 1043
70 1044
70 72
70 1045
1046 1047
1046 1048
1046 1049
1046 1050
1046 1051
1046 1052
575 576
575 577
1053 1054
1053 1055
1053 1056
1053 1057
1053 1058
1059 1060
1059 1061
1059 1062
1059 1063
1059 1064
301 302
301 303
301 304
301 305
394 185
394 190
1065 1066
1065 1067
1065 1068
1065 1069
1065 1070
733 734
733 735
19 20
19 21
19 22
19 23
1071 1072
1071 1073
1071 1074
1071 1075
1071 1076
1071 1077
1072 1073
1072 1074
1072 1075
1072 1076
1072 1077
1078 1079
1078 846
1078 1080
1078 1081
1078 1082
1078 1083
1078 1084
1078 1085
1078 1086
1078 1087
1088 1089
1088 1090
1088 1091
1092 1093
1092 1094
1092 1095
1092 1096
1092 1097
1092 1098
1099 609
1099 1100
1099 1101
1099 1102
141 142
141 143
141 144
141 145
1103 1104
1103 1105
1103 1106
1103 1107
1103 1108
1103 1109
1110 1111
1110 1112
1113 1114
1113 1115
1113 1116
1113 1117
1113 1118
1119 1120
1119 1121
1119 1122
1119 1123
1119 1124
28 29
28 30
29 30
1125 1126
1125 1127
1125 1128
1125 1129
1125 1130
1125 1131
157 158
157 159
158 159
1132 1133
1132 1134
1132 1135
1132 1136
1132 1137
1132 1138
1132 1139
1132 1140
1132 1141
1132 1142
1143 1144
1143 1145
1143 1146
1143 1147
1143 1148
1143 1149
12 13
12 14
12 15
12 16
12 17
1150 1151
1150 1152
1150 1153
1150 1154
1150 1155
1156 1157
1156 1158
616 617
616 618
1133 1134
1133 1135
1133 1136
1133 1137
1133 1138
1133 1139
1133 1140
1133 1141
1133 1142
1159 1160
1159 1161
1159 1162
1159 1163
1159 1164
1144 1145
1144 1146
1144 1147
1144 1148
1144 1149
1079 846
1079 847
1079 1165
1079 851
1079 1166
1079 852
1079 1167
1079 1168
1114 1115
1114 1116
1114 1117
1114 1118
1169 1170
1169 1171
1169 1172
1169 1173
1169 1174
1175 1176
1175 1177
1175 1178
1175 1179
1175 1180
196 197
196 198
196 199
196 200
196 201
196 202
196 203
196 204
196 205
196 206
196 207
1181 1182
