67861 811489
692990 1282604
1290623 210282
321392 694376
110005 397050
1051038 1217824
1072890 1600508
16624 509668
598751 999757
1369714 1429624
712632 1316315
232035 338753
1684528 607799
112007 562183
1365139 1689326
3922 420058
1065795 1171059
1284664 1331843
1000645 1092117
424589 783977
750141 1279570
1140482 1365253
936946 1088190
1005260 1073225
1222719 1426335
1078286 1138089
1639575 1690963
292510 338337
668129 748611
1565772 1576801
1007872 1600494
1488403 1507207
431077 1506604
1417502 386996
1021214 1692782
1507312 781609
278338 1432005
131035 1466545
338337 935814
749369 850945
704366 774005
509272 1590284
1136364 88919
114785 1471069
325937 769627
341649 1000206
869270 1462899
617181 1054832
1284598 1670462
170258 1390184
1016875 1353671
114784 819323
129901 634775
258475 750631
863502 1075175
457095 1475832
114774 578502
502910 1013565
78453 993027
114783 1018412
326786 1600383
735316 1590284
1674151 1677840
1441385 1517265
600568 676045
445541 1262762
986330 1487466
1626938 590229
109358 875617
1153832 1507998
540349 542642
20241 833403
1158326 1182285
203686 952284
1174142 1179113
1355111 1394497
326604 1671046
221545 919612
114719 177887
677436 1364975
203794 566886
47567 1656231
1218967 1371243
298153 1037343
303586 1289544
770406 1364975
663337 1683161
595308 1228126
666295 1583652
424589 1189697
904989 1172989
634775 1371082
412801 1549269
1262787 1643507
397631 1418483
557951 1163289
17884 515433
210424 944174
414519 816753
937419 1466958
315899 1421183
824414 1364975
424589 1662527
205669 658491
426581 1282604
270456 1215442
110005 1686265
110005 464135
254144 1590042
313451 1402398
1351837 1500019
466452 1648571
177710 624633
223340 1136563
318671 338337
556656 1122230
938870 1298592
535814 1353724
1393829 1439061
397344 1208167
228057 487375
114783 908180
664420 1016352
20245 182770
1536188 1631891
1584425 1656231
347610 946223
649761 916969
377227 1685546
659120 1259568
1000826 1600411
1096661 1571221
1136184 1567740
313481 1583074
742768 1260355
707037 993126
64572 1332321
227167 686758
306272 312167
399197 1368533
445948 594197
134046 1315708
782473 1434238
371933 871531
316827 556734
918234 1670378
114787 165712
769818 941147
43469 1469940
1179182 1583074
258608 1552845
325470 424589
1225349 1568222
381867 822183
631260 925375
868786 878294
173687 558173
743983 1463947
221545 661730
442937 1161139
6781 226602
1585298 1589935
145205 650915
393060 588296
111592 114691
856831 1627480
71227 302667
99410 883064
861447 1054428
1210118 811680
1175115 1232594
553715 1437963
530874 744153
976417 1426335
925084 1005605
891436 1670820
1349795 1681058
938518 1647133
321397 554656
118194 1364975
339232 1650820
325810 1590235
750631 1215225
1016156 712244
743571 1590287
303374 1478602
1167225 1364974
307085 658338
895539 901046
296710 1590284
1099897 1423810
517363 915594
1536526 1670210
452427 862732
676830 1010649
649503 739914
119482 258776
784724 918445
1015898 1284664
192662 228057
397639 473295
134139 1450069
1264872 1273483
178949 1277333
1590287 1648341
141751 1179113
597743 1525263
441665 1589977
338337 914984
1094085 1364975
853663 1277977
1372406 1535755
104926 311714
408970 803871
1279296 1532316
568253 1037946
435010 1123972
227170 860108
381176 612937
668005 1179113
450248 625443
480078 1212099
491082 1374910
165549 1509529
914673 1466039
312167 1405828
1270566 1649419
440785 854676
1072831 1562467
674621 1007277
114787 1536070
665199 749628
73213 933076
805527 853033
110005 579890
1399872 1583074
1384574 1387255
337899 605963
430234 435950
1277858 326331
165787 1536481
416776 965741
134297 1545975
431077 1228363
203350 975359
1158129 1465760
110005 578455
302937 397638
394492 521750
231306 314450
1377955 1524287
1554409 1692043
114747 530292
271309 1444096
997820 1352897
557130 873658
321056 1091298
700090 1412441
325430 1082467
397639 974677
750034 813219
493587 1076550
1465049 1577695
1233903 1494174
734112 1178969
800878 906712
480466 750631
394081 788181
1628737 1670403
897969 1477814
384658 452337
1179113 1569892
426772 1163002
267220 693253
3490 8120
1354601 1433112
212414 1421654
372493 506699
110005 1413556
594197 768335
114784 241583
226602 827281
1161244 1521533
113858 1676359
463351 1587409
1094875 1487654
14874 1091298
673181 1462924
179808 431632
1156943 1499304
173900 1670059
332991 994355
228057 1002024
343597 556775
869270 1461354
1330419 1513291
513039 1388798
65347 377912
45811 1426335
325259 672298
259670 876898
2469 658423
381319 1227119
441219 1027904
1318166 1469036
712632 1260112
424589 472794
114783 1286223
524201 1396636
168334 1506438
630654 1015697
1260156 1690690
264393 1100112
74250 767479
1316148 765152
539565 1351837
686177 1560462
91184 1504084
1392435 1600087
510298 1571162
926202 1205602
15750 478063
578420 983022
1178252 1671162
943302 1179113
1054909 341269
775954 1577420
114783 597778
557130 918232
1647087 1678640
868047 1099897
874093 1204250
256247 438862
206978 1441185
112452 1090526
305727 451451
795761 1504248
1429774 1487192
1441210 1689860
781090 1392802
572535 622124
826858 1051773
1331670 1562506
770231 920172
177652 1468633
1075946 1577001
205685 1209267
1676889 524969
804749 855585
939406 1336266
340106 528196
111220 1152794
1364975 1596340
928384 1590286
226336 634771
411814 529951
766801 781313
595913 1407095
744948 774525
658491 1013281
177652 774342
1053423 1136969
69867 1475832
338337 1678333
382550 620001
1256518 1413502
835933 1162256
221544 1068868
524473 1089194
766145 853950
823452 1087716
80114 228057
115843 819999
561659 860643
1136563 1169831
778260 1421183
386497 850418
329789 1156716
110005 598371
889412 1439386
78052 162380
118798 984530
157276 738963
635044 766936
429035 1569368
562061 1493961
432297 1137560
67861 1475698
131212 272534
231496 1689326
270413 1671046
5730 784678
927559 1376415
844429 999757
738196 975852
1509895 1564492
256247 1692342
1014145 1226951
528284 1179113
234463 1566310
202392 1523617
146455 221545
1362093 1655206
184664 771758
228057 1421083
203530 412276
517277 712632
1091298 1688888
375005 630972
986911 1426335
555976 1088389
1377213 1912
228057 860636
771484 1059269
856859 1435440
165764 750631
1054512 1137176
203432 804738
1295426 1571303
67337 1535482
228057 456723
980852 1628097
424040 1692342
709385 1261975
465647 1476924
668689 868629
781180 1258543
200830 378925
302647 1364975
747903 1463827
1295747 1314512
783917 1057268
110005 467751
406596 592734
220247 1605842
834430 989339
744658 872717
1514302 1684602
1003660 1477966
666927 936779
561691 1001031
114888 396555
314584 1212972
62890 82380
1025160 1054527
1222640 1630657
622258 814207
1077756 48143
51634 468625
120547 1576413
110005 619942
302911 1584419
749127 1510934
568511 1643793
227816 945145
1487654 1656099
1242495 1454968
310097 907267
1015132 1461305
622316 740125
346619 692597
206561 1228078
1223445 1643869
656768 750439
487207 1180536
374811 488805
230441 987805
874657 1348118
1015697 1484174
257548 805521
20199 649503
114785 529084
1567992 1579046
338337 691306
370431 1297411
68126 524840
784678 1422768
1472071 1514402
1136239 1334087
570255 707165
133842 1152099
1535515 231100
134335 431819
1091298 1485503
1233089 1563853
65455 463849
110829 1469036
261257 1576508
1225019 1590186
409916 1361615
1557328 1646784
357762 1600815
521251 1584390
736728 1469036
114783 1407092
861447 1691219
1468388 1553588
110005 1468850
881648 1428507
308990 418043
424589 1097601
166447 420758
132904 1331533
114567 513242
1535515 210028
1395802 622366
1010860 1028044
523908 1089739
437915 1016045
437264 1410771
910704 1426336
696575 1100584
608296 777692
270056 1464285
989577 1675864
238649 1218307
183954 1083019
1017887 1426335
318689 392317
210303 850945
129081 867210
263594 1547208
331092 630135
429737 1600283
114784 890133
472070 750141
62220 1009440
477210 532531
177654 1692559
433830 1014145
114783 1672037
1165148 1646879
12625 1421268
1023702 1275141
404153 404891
1394664 1514302
364726 946173
469346 1219074
317201 999757
20124 1415495
432681 634771
925084 1028857
1047968 1085826
228057 412503
256501 1435342
769782 1491840
515736 750131
114784 1203125
233216 734767
211715 578605
1140406 553395
339123 605977
107990 221545
647695 660166
1903 49821
178182 711095
674346 715892
868305 1293196
221544 610065
123200 885886
381367 633618
451799 1334238
741132 1074210
826829 978284
1226527 1377067
580404 837753
70877 711446
373303 429683
317324 1255352
357762 471415
918445 1208433
1210617 1321419
1408927 1438807
75721 1176817
799723 1294894
473016 1625676
221544 1480518
338337 394795
228057 570294
856634 1590284
1267572 1268662
441985 1426335
685786 1590287
207644 1469036
438024 694946
228055 531306
327601 636871
65191 108620
1024271 1199075
232789 674908
263773 1001843
1113276 857498
323853 860112
108984 346873
179333 1178969
370661 488805
1014086 1625050
1164907 1167343
892061 1162095
834263 1577113
1294894 1669873
1018880 1623461
116417 1398198
429442 986409
1372570 1513690
238338 377227
126448 702083
925356 985736
829266 1172382
700383 1086351
999757 1680432
150623 815919
210187 520512
1059269 1292212
1209159 1588229
79066 867846
633179 938518
82989 1260937
933916 1575239
352145 354011
560913 1289205
262699 1336627
782226 932648
339123 1674074
110005 1080244
185375 750141
999757 1137963
397639 1229647
1170792 1369772
561565 1179113
1074709 1576508
436797 1136563
1426272 1590284
1428507 1670928
1670060 326779
102706 221545
688789 1223403
110005 221190
1590284 1670666
325451 1077548
1514302 1650573
773696 1692342
220520 830329
110005 921433
293524 419959
451826 1327246
519085 1256249
919951 1487650
1401322 1590284
107749 335675
734962 1424484
1174680 1571162
487337 659120
1469036 1552721
796036 860507
377227 653646
114853 1289569
295245 853033
432663 1647469
1517283 1650820
177641 182826
238777 1567740
129814 1342718
480078 851515
634354 999757
695198 1467706
377227 983332
489562 555457
267574 1008036
417908 1124706
544549 744675
81008 797339
302665 326562
327418 835560
110005 492292
228057 677243
325705 1432495
885688 987205
920084 1474626
278338 536421
321397 1226288
473295 1252059
135468 643668
477717 1016014
1090997 1600693
103311 228057
556137 937282
343135 77690
463923 1581553
595260 1430171
700573 1584924
376111 1242794
961364 1360494
1134402 1423607
609703 986524
784678 941017
493968 717376
383851 1568780
1100650 1556129
228057 1643247
1179113 1234094
516892 1492679
784678 1471454
452576 1532317
1166556 1388006
1121258 1687874
670688 1223958
886258 943245
1222472 1373454
223693 1411480
110005 1375931
616487 1085196
1158566 1600655
344659 392758
381791 1437551
338337 544196
114584 694489
114783 709915
1409291 1423866
1098357 1231871
734112 1352645
177823 1670263
49600 1249951
532979 1459725
559813 1508438
1220291 1328188
611770 999757
663252 1686852
398942 889863
116585 228057
414950 929285
733884 1158129
9798 316659
883686 1670707
114387 324956
702083 1091299
29319 1349795
849602 912540
114783 516627
228057 387576
1090738 486560
114784 615693
64816 1507600
231907 1514302
857063 963833
1013378 1298592
943370 1364974
905422 1007872
410208 774430
507058 691895
739830 1429774
269771 634771
34392 1426335
594197 766325
135265 676845
1475832 1570462
1007229 1532316
230244 989332
438862 1369772
1584574 1676534
539132 542136
310787 1198130
357762 929960
1249892 1252143
229260 235334
613353 987805
706206 743871
105207 470194
306958 594197
533150 611231
179311 1645006
180295 1179113
1172827 1476380
431077 1511788
177518 303132
1355111 1626450
202635 897969
1208220 1214728
876553 1218445
463168 1364975
16979 136842
224932 629285
114784 744750
598155 1224521
1163027 1315278
223421 1628203
854527 1564428
1085732 1431066
1047915 1364974
1522004 75025
265646 1209780
1078121 1086616
890603 1549638
936366 1018870
75887 303195
465463 1623909
127873 987478
224799 326786
1652638 1684973
174446 1668702
228057 789106
304044 309043
181880 1208613
608442 1071164
79786 170930
1098529 703301
509585 699427
659451 1214435
114784 748159
1295893 1487654
112639 651086
459960 1151616
1246506 1572590
1252059 1504498
1230385 1525628
665717 990824
355210 728744
239806 1470906
345134 1249951
398942 924978
682849 803340
940567 1579083
1006793 1554431
397639 922808
674360 1441210
179462 1675863
252867 594197
11577 1079962
1134062 1590284
135841 1513891
1263301 1449498
51070 619511
940128 1353887
41983 228057
378844 1685265
1176136 1560692
502226 503403
142042 144409
6222 559349
672715 1014080
236002 1037341
93258 98198
1426335 1436104
115843 936342
65996 785293
854424 1688912
1136239 1318654
80088 91130
50820 412190
849563 925084
889412 1256215
638563 1224521
611920 1468021
239312 1412711
178113 1490669
469159 1536188
49821 340098
711490 1294894
909408 1487650
110205 1621584
518121 750631
929706 980936
380505 999760
435225 73213
686362 1249951
233845 469958
676525 848782
1555654 1620426
221544 764075
1349350 651969
329858 583425
230973 1082923
235842 318455
319211 1013621
1084313 1590043
698209 784678
54144 355210
807429 1298592
526636 1396016
221545 325528
80986 1429282
883428 1565693
472405 566809
625629 1164988
514014 1234490
535322 1134436
710085 1435440
615539 1024414
925084 954922
319211 326722
594197 1225335
904055 1583074
1426335 1427889
25095 809284
228057 1078285
574867 1124706
656979 903321
377227 1295316
1329279 1518506
784678 1625389
1234337 1539495
221544 1423633
416518 1208433
809951 1180801
1420190 372341
339123 1008949
766112 1320769
1188170 1561599
228057 1356048
1016243 1676655
270413 1070247
925084 1393406
993068 1210688
766327 925084
69985 1663149
709802 1468837
326179 1091253
204868 1061037
210195 1138828
620410 1555205
932949 1204837
1162054 1650797
420312 622625
813082 860112
257205 595852
830282 1295747
473428 1361935
233477 597064
774651 946173
177768 422563
711256 1275571
427122 766521
210042 1621281
1027538 1133195
1219832 1513648
448657 1355125
1331135 334714
344278 1484174
103333 397638
881648 1319670
1181029 1553391
131775 1583074
1477691 915222
1023517 1098617
598343 684541
595308 1167343
677097 1469036
976524 1375038
277644 1124706
708933 1306756
1095169 1516338
699229 835560
21270 1132011
1114812 1118205
553033 1669813
128188 1236311
528119 1476994
1112732 1435523
1024020 1478685
102072 670922
472640 1210688
930715 1158566
4590 391381
103941 927995
557796 1124706
61893 571164
685826 1562439
1268662 1268949
727187 858258
424589 1550551
102578 102636
126896 930828
442377 1347733
1277997 1650820
491752 774250
68058 826111
977896 1555801
311815 1366878
480140 1650820
850945 1461350
1274908 1646784
187808 869161
1136144 1475832
338337 1636030
431819 933894
70896 1085196
832585 1100954
386765 1489376
750631 1317974
114787 303116
1622397 1669944
1285844 1523587
173189 579083
185535 1551844
425930 1680589
1670866 932232
676460 1021433
166051 1574699
670973 837109
444833 586834
70264 1096451
427301 1364975
321397 657930
604361 1197681
299232 1037343
624448 1274089
1401641 1405011
177673 333702
1212794 1360633
128854 861758
435654 559187
1602080 1607424
98376 1162029
1098617 1670047
397638 1171324
325480 886400
253057 1025732
596939 1334550
1399456 1590284
2843 821702
535150 1075347
182468 1231980
121026 228057
127890 569144
1085196 1681085
376408 1284598
312167 507478
45853 317963
1037025 1197535
102477 751431
231205 451799
266320 441052
221545 1172833
1277586 1394425
439447 1020348
303062 528492
68287 1327246
634771 902459
648809 1234583
102996 1298592
691524 802039
228057 1472833
110005 1395819
1150896 1581529
596283 1561791
563704 573291
424994 1464878
103231 1170112
114783 855359
1363272 1468388
231370 435225
437760 1627680
528877 999757
1514302 1622837
326290 614736
613272 799824
114822 1567740
69548 228057
661375 999453
447935 1494087
397631 1286623
660068 66619
654651 992273
380751 1466958
269057 1051988
326594 1100313
326845 1023662
1255163 166644
712468 776308
326069 1685330
119524 343488
170930 597271
65822 868300
570907 807097
397638 1300647
989757 1580723
33779 39751
749127 1093777
574240 999757
571164 670207
397638 1600405
165674 936946
1478602 1692559
1212333 1569649
446991 472611
943005 1159170
16598 919758
204978 533450
658144 1258723
383494 1291998
905512 1026917
766936 1359569
1562466 650459
124001 1583074
341767 1640739
204067 1691904
336205 1397335
570092 608089
268807 377912
3358 1576508
131976 1600193
1180240 568251
797904 1037341
393184 941820
145205 225827
177287 877060
120694 387721
581478 800514
95410 1426332
96749 840456
1292314 1333077
751029 944838
136603 1179113
559835 925084
178247 233990
233199 1506700
392581 1555593
145205 782932
103062 1690234
742776 1256215
240521 1364975
525251 1427520
1150720 1218445
769896 1093163
652927 1670405
335295 907152
554127 683286
66917 541134
110005 1138089
377227 494305
476754 1206706
1124706 1343183
108620 271351
118300 1590284
107505 912540
297608 1420290
221544 663449
43738 420038
637829 637957
852086 999757
596193 1482842
532811 1504268
668689 865472
228057 1004063
897969 1481492
1516787 665199
397367 554324
1417502 397091
114783 871725
470554 1441131
1104361 224172
1069664 1179113
479925 981745
68058 706669
362022 366155
317321 805945
616937 765799
1179113 1410490
750631 1479203
837039 1414427
109524 1150572
222973 693911
171071 709385
255465 980852
312167 572449
269048 784678
750141 1050655
398942 1569847
709388 784678
1299633 1303554
231407 1426123
849611 1513690
445448 1038962
860696 1323318
1012509 1098905
377227 1093437
424589 1208533
1361418 467207
354731 377227
436578 750631
1289205 1372852
1025044 1360121
27833 1371300
1650491 334495
397638 1644954
1250851 1451236
952284 1077527
114785 1100859
67159 708948
908709 1523962
916969 1413765
581545 1225565
114913 326212
228055 1128821
488782 795773
110005 1559435
681614 693098
1612336 1613723
1255472 1462924
303215 1225827
307234 595037
1098692 1466155
849602 1326732
558263 635044
225511 649620
64695 513942
179333 335144
712229 813834
17876 1154326
597875 1627549
466525 1296127
512386 1361259
857461 988893
408993 443025
254561 1556818
679863 1349795
1435020 257335
1205148 1333332
440231 739312
774693 1466017
171291 1197535
377227 511090
228057 325763
515905 1210688
1226952 1586225
1085196 1089653
1396766 1469036
207869 811489
449368 924080
240327 1628602
672881 1473141
326213 1487654
398942 603508
145495 567580
174512 615080
519391 827519
182770 1169767
313786 667255
114783 1283542
1037843 580497
382168 853663
986524 1428426
14440 873958
480644 1554905
28367 719525
1206132 1682574
207419 765910
221506 323130
228057 1415146
228057 1571165
1398614 1583074
377227 1655812
952284 1209790
519085 1379075
853980 856221
1137437 1465417
1068841 1349795
1096541 1461384
617112 1050778
1055731 1583074
838841 1600187
23246 1135616
114784 259359
1352481 1426335
1679659 472016
818152 989339
1331128 1590282
221775 1393306
228057 932730
379990 807735
420758 670189
1064361 1364975
121213 480350
1094171 1550620
871186 1059269
179880 314159
8200 110005
601522 1024474
517441 614482
1139846 1535723
210211 936946
117115 1391889
1227297 1461702
687591 1223530
392880 1268212
833110 1514023
674102 1443745
763547 1179113
1640120 81439
1011493 1396405
208043 764113
1022568 1630713
177887 1287069
18423 912816
412190 919328
743032 1367879
682478 1432380
876735 1294862
1173403 1283001
112518 176094
111198 1683883
681089 1216554
1249951 1442573
601779 1590284
140823 1364975
600930 1411929
563463 1314929
638925 1668991
167428 933150
904999 1462701
925084 1150296
389565 784678
110005 896505
228057 426219
1349795 1461036
1132153 1197535
600664 992181
850435 1177247
1014122 1048268
238954 477717
1283144 1511711
220925 377227
708255 1252059
666873 1547739
333702 511736
749127 837450
12242 1192536
466139 559709
824896 1130910
591497 1461305
236795 513280
533394 807082
1426335 1491048
6734 824956
541134 1236711
1466077 1515124
1289598 1362818
733635 1631891
389910 1548208
234463 531199
114783 845179
681573 1481311
1045747 1590284
174310 1253109
561824 910004
1027221 1068939
434038 692715
781649 999757
901556 1424591
1599848 1683792
426201 1179113
314272 945570
1436396 1643912
132386 1227879
789305 1562192
14451 104929
228057 1249182
349279 1535698
252516 1329032
410676 830411
1485764 1559428
110696 1579861
904989 999541
1094756 1514302
810494 1215680
782816 784678
1532317 1676215
325638 556535
134407 1261532
1536327 1590097
324739 744999
1192868 1197535
1642695 583121
438870 1076884
1426336 1583708
238647 1058596
448657 682437
977280 1210688
7432 779527
835560 1366178
930007 1590282
271302 1513414
429442 938163
981920 1470227
355210 849926
104300 857478
261769 940372
390779 1127836
1028054 1399666
606130 1462899
510298 1677161
207383 740225
130882 1115160
303213 1368035
1433639 1622994
338337 698049
396734 1688912
1136563 1632264
463187 672161
67647 1332840
397638 1339272
168146 438736
431819 1091336
1575239 1670907
693253 1022482
360988 361078
261360 653002
973961 1138903
220150 878931
44243 1364975
419542 1645929
283889 286019
317108 427305
431077 598907
800396 94825
1219783 1466139
102915 683280
1124706 1130243
307085 1465760
1581394 1685438
491082 853769
991000 1253026
183062 381699
25178 444559
909152 1298592
1425582 1483600
692169 1364975
615462 1249951
1178169 1604312
177868 334576
572624 771916
1514302 1536509
47562 182770
409263 632412
1359569 1588868
943147 1364974
114533 989339
1366878 1416143
43870 1327357
605729 1640889
325845 1294894
337716 429050
221470 1389370
1023702 1137272
62710 424589
406596 822437
409901 1561418
838035 1290957
560451 1171435
656068 1363579
1224016 1476220
795980 1646629
1414070 1650820
124455 1463550
516388 1156812
710085 1182592
777692 1354523
910530 1581058
1530913 533513
360447 1019349
1332565 753181
1564215 395469
832134 1294894
1249951 1277387
603581 1567740
1017352 1212000
338000 559420
77929 166964
780675 999757
1051175 1332155
1150896 1152067
508896 1010200
999757 1434202
1098617 1491321
766805 1005411
651086 857699
179490 1166208
269080 637300
314392 805645
304377 537633
1080990 1159077
406596 589048
883147 1135320
317979 357762
423278 671942
23991 1568423
110005 1080728
130050 397639
1260174 1561148
441665 525816
338337 839417
1222316 1422160
1093830 1487654
165760 1364974
1298592 1673720
1398101 257400
658338 662657
1475832 1548938
308079 1177852
114784 784720
398942 472895
1116 856531
44555 1289205
165081 232322
1124300 1139018
20461 693567
397638 676581
715449 880765
51703 1027538
994324 1585748
885018 1670516
981778 1226553
114783 1276169
499343 918100
1012648 1106902
1642089 1670030
750631 906957
925084 981311
678960 855591
210042 396819
535431 917509
688607 1020272
202260 1288339
13673 702985
231150 1098420
392390 1574929
119245 1013947
490637 1085194
272243 1205035
1000645 1494174
44178 855231
897532 960018
114764 1590049
228057 1517137
203466 1363633
999757 1165134
480786 708933
264024 294268
821889 1589988
346089 1482103
1082537 1124706
826778 1365041
231603 775483
943796 1396073
708933 1207259
397638 1456091
690919 1075175
135247 349230
76184 826787
473428 1179409
828201 882476
710950 1598739
349259 1552625
1217348 1372796
352185 1319236
568253 1090803
650626 1216260
318489 703488
926789 1469036
1612023 1612311
241026 679787
856413 1025913
627453 1229984
1397657 1578439
114783 1489851
138148 628769
1551110 990685
73546 346811
609494 835560
429351 1076682
904083 999757
664420 1475465
462809 1295747
1355418 678241
721838 989814
712632 1201769
114783 1091307
397638 1097641
155 783103
548527 712632
397638 1450632
766145 1509356
114787 463658
850418 1048061
829705 1396636
1095793 1485385
175324 530069
307696 1091263
112624 864123
378991 726429
914663 1249951
914412 1096971
937419 1214389
694168 1014145
130714 379755
867626 873270
1165899 1412524
108433 692228
697855 1590282
62449 228057
1355489 239441
532212 1261975
509420 635220
467098 1621281
784306 1571162
303066 1427520
1234725 1240070
479169 641838
130110 1460993
942400 1522902
184556 980374
1069020 1487650
120547 257554
1336823 1691221
1010533 378427
524896 600900
321392 1138649
514900 1586351
1290839 1509097
869096 1598202
412836 1424235
704341 886387
750631 996532
1293321 1478602
506218 573029
390106 1224942
1135796 1612889
346471 1364975
132450 221545
303048 1670913
798046 1286025
221542 765364
68406 807955
533394 1260897
120176 1027221
709492 1124706
339800 1559807
326538 1210688
561076 1322159
51309 1318911
1160365 1556362
697851 1349795
652378 1208242
651562 1282431
165853 1354332
317251 489278
1390421 1514306
195076 1395355
701919 866540
750631 1417502
165935 835560
236260 1279542
114783 1367161
332760 774369
673200 1600197
576700 582183
1354464 1514306
235877 1514302
768344 854424
799824 876864
351262 703865
124909 304459
321513 380815
221545 784335
429204 1471408
648330 1462924
525180 1295747
767205 1532317
50709 1436396
131965 424161
1016352 1485715
282257 1634169
337931 1647918
1415882 1690234
430680 936641
766805 1417930
16624 833403
1451560 1460016
397638 574543
929850 1468061
425617 1535524
145205 1219507
3240 19395
1077861 1621247
257264 1413765
260598 409403
812219 866702
178193 1219074
414407 564920
1284450 1512765
556055 664097
410466 1095947
1518499 794914
1228105 1567740
24014 1178200
523988 1008162
803418 1017483
235493 1673125
223363 982664
1414302 1490366
349262 1160916
943490 1590282
3922 177643
711043 1354529
1583074 1683505
1010692 1515285
228055 1674067
1392723 1410322
115971 1296185
123978 1003761
114784 323064
928824 1364291
415771 1487654
326265 613063
418917 1099897
419651 925211
473911 1260704
228055 993551
389565 1349795
1016215 1469036
197684 281714
221544 1259568
110005 397842
1156646 1514052
655063 808402
396572 1475832
1150896 1365713
946173 994545
557157 1492925
463849 1692559
125579 425640
397638 920481
765446 1170678
1136637 1286261
19348 1085732
888799 1670516
557032 1161459
445626 1485678
433296 594197
925084 1096142
102747 1514302
17761 397639
228055 1199436
768314 919152
221004 1587004
826239 1015680
489621 594197
1281261 1600439
146352 397631
435909 741046
41143 1600508
891908 912816
1091346 1336197
338674 506967
172110 620679
557255 735143
625736 1249951
111430 226046
1016122 1175871
209472 410699
594197 1505738
773501 1548208
981470 1473875
937781 1549297
1037343 1462910
346128 449400
800776 1590287
902652 936946
1098420 1671075
174310 594631
424589 1540429
806183 1525346
1094955 1249951
178635 745089
1014145 1083368
397638 1139038
925084 1091426
1440164 1670266
1349795 1520902
926296 1469036
596104 65930
132537 820408
929850 1335052
1073932 1482530
1091299 1622371
66108 690898
750631 1439968
276917 411806
392008 1685633
936946 1598424
303103 1163822
436728 1355228
44555 437402
71914 208015
128627 339440
327052 1137535
114783 206829
1439181 1524509
737656 1580379
1410306 1475832
326668 1225827
1150896 1180888
184130 566043
1279361 737685
1174373 1494174
326712 1556568
113379 136161
350754 567004
232214 1462326
1233249 1535823
68243 807482
443025 634920
463021 1504268
855993 1511975
606260 1319613
802286 828748
168334 349089
265082 604396
398942 410591
654213 1429774
175324 850299
978321 999757
652978 1214645
1288707 1574929
23110 1364975
227162 1469036
870336 1014145
114783 906859
548903 552377
344362 878294
1330137 1522981
221544 441815
1364975 1683993
594197 1003905
424589 790842
188409 940679
18031 1275380
864860 1014452
683363 997564
882037 980417
536367 834660
114783 684984
464398 1023465
112062 1200146
852020 1521553
51640 1249951
663340 1151934
853068 1124706
487207 1214389
1166475 1317764
304637 1461277
178098 1091298
831358 857699
1367670 1369868
380127 798444
354348 358736
1486811 1581702
330917 801709
625443 1221603
1357989 227132
108472 434274
431819 673487
102695 1532316
221542 1360684
1178136 664401
561691 1164425
915622 1462543
173322 1323095
640127 644820
881648 1521009
122204 936946
1027115 1426335
47637 1554905
266863 1444706
1494030 1514302
1677170 581801
395507 1433297
71908 1533211
334961 1475832
1410622 1460970
165522 1088252
1006202 1512945
254741 1685265
1434017 1461120
1349795 1572689
710311 835560
228057 1170679
934955 1150896
107333 170759
696481 924054
502910 524782
309935 1071011
125031 999757
408998 1037343
1085057 1505880
1128088 433653
662287 850945
336563 511736
199506 1015408
400815 772541
272534 533355
1014145 1258556
506714 1073475
334169 931356
509657 646560
1318957 1561987
608135 785198
1223699 1567740
1372204 1622606
1655247 341899
228057 462349
386647 419996
1269440 1273825
570053 617517
939622 972304
594197 1027070
130428 1672726
89165 259644
930651 1550190
5022 522515
605120 633086
1071325 1150063
179333 1223837
228057 1600055
995185 1327208
177763 1670649
1087441 1524646
110005 582901
1182271 1512233
177406 1137763
798168 1427557
905913 1392336
462863 1461386
750631 1081573
437731 809598
261879 686177
631508 887087
811778 1080078
103941 1221448
261720 1561031
210132 1640566
554593 1013921
513076 525840
322941 1214435
648892 1590284
324277 999760
182999 875242
146313 166106
768694 864474
436770 1341803
73546 165465
15349 382797
1290418 1478273
345922 1549297
341215 1336857
108620 1590010
104532 307346
172492 472870
13883 1532317
867411 1162612
535539 675482
252722 1223617
915994 1136239
114785 530716
347013 1679472
463351 871569
605854 981545
81947 801337
833110 1149694
70592 1627163
260113 1487650
628405 1014145
1137476 1419639
48440 828155
1680631 342727
838841 1437281
1310688 1467012
1204716 1219074
983859 1088279
103741 711043
221542 1466362
436967 1409864
295458 883972
1392805 1532317
20199 821168
944174 1205035
173711 1205316
890924 1230063
305897 1486092
29186 1179113
64695 1137535
8825 708933
252187 667477
1507293 1590282
10888 484703
760399 1519599
851530 1364975
735311 1137355
114784 1540880
125703 570815
387121 891436
631971 1139319
1225050 1575239
271923 1364975
411374 1084313
177759 1204716
321304 332514
1304890 1590287
312535 1579134
506807 668093
341384 1582935
397638 1426123
235926 1101010
558263 1378305
1135285 1438050
114784 554034
732245 1301539
41143 663701
814404 1442009
235926 1170792
483008 1672191
1554512 1636852
397639 564284
289822 406596
1256240 1678195
835933 1321419
190762 197415
384413 1671461
114783 594762
672898 980572
277293 338337
676449 1332440
110005 1558951
210751 231908
567796 1278328
1598739 1675664
374811 821073
992825 1426335
1654268 1658691
1023064 1085017
76412 169647
900781 1242802
816424 1356783
999757 1232552
426123 1426335
221760 1224521
170426 1489451
89428 1097167
384982 1296307
70280 1469135
238689 1520937
735786 1559807
366031 1003085
1398383 830939
62054 1647133
708231 1212335
202392 682897
424589 1402682
486095 1565718
875978 1295814
185276 914422
695522 843726
1325872 1570561
897969 1242389
784678 1573849
119245 486823
504827 1225444
105260 1172382
135648 1197535
228057 326383
616803 750631
398351 998606
589127 1466077
306516 1409422
568526 1331670
260323 1266360
303578 629919
1670374 477466
732341 1233234
18892 1487821
783103 1414766
422390 1350362
287859 289120
63410 1467028
168334 834554
335292 573441
61511 346619
437264 1333332
489916 1416833
110027 1205074
769627 872297
11955 1413765
130626 1650820
999757 1487819
952284 1053989
254505 999757
1158630 1180594
1155383 1363711
44613 412400
598735 1649147
784678 860139
566263 1327691
81209 397638
797736 1590282
114783 671119
123258 750631
228057 451278
221545 868305
61518 349230
700605 1078862
173759 993635
223426 1295237
63005 569163
463585 624286
259031 916376
181184 784449
821752 1356377
72438 266233
338337 437059
231209 1590286
1163840 1586522
1161139 1462701
178732 860112
240026 558173
634775 1309800
940785 951361
459009 731620
684097 1364975
1210688 1535942
121960 124455
976160 1151616
355927 356921
397631 535881
475404 1024255
326013 1461218
935688 1680283
1535524 1674644
599123 1329545
1462701 1684067
424589 1331617
214257 641771
6022 702994
802648 886258
557085 634771
410443 1400130
1410419 208205
470599 1475832
146244 614407
257376 740932
18051 64816
1482989 1576508
338337 1275280
127873 1688521
210298 1568273
133882 607792
784678 1689900
616068 1426335
909591 1003083
1260174 1393302
312548 1000061
77974 357762
23488 220245
626722 983007
952284 1057258
925084 1147159
61518 666450
111055 1227712
44260 1590286
1210932 1515482
534711 811476
232355 563199
338337 1280275
463712 1520517
110005 1595429
999459 1570278
1370298 1371643
1448341 1590284
267999 1547125
420758 660799
262369 1489441
587560 856111
114804 177328
1441199 1600524
7055 327052
584347 1206132
952284 1414718
244682 248849
166190 420030
67861 482218
1178429 1371243
282022 303240
611533 746333
924013 989339
264858 570815
1180165 566443
612683 1420257
185794 1622211
1087292 1364974
225965 707856
206520 768854
1576508 1676685
1441140 1682319
864657 1468191
228057 559926
665753 780841
114783 510599
514578 1397335
1466674 1478219
487507 504905
1355825 1630118
1424609 1469036
340455 594106
397638 625894
660180 1515157
132421 1481922
739966 1078121
568285 932426
389056 705325
398942 1223192
1335205 1364974
1347630 1469036
1423712 1507600
835560 1090749
827485 1629297
518680 1590284
388764 999757
177953 344576
183827 1157633
1336857 1675864
1113335 1119545
803852 820408
348890 1690570
303094 326604
109204 114783
9594 1091116
851757 1026278
491082 671063
553281 860840
70592 487207
595260 1670363
229445 832571
1399026 1426335
525816 1393358
621031 750141
1085196 1350486
233477 935688
766718 1316480
114783 1673963
432689 1554385
355900 1439916
950790 1532317
77042 465615
168703 320467
672525 1005411
102736 425711
185512 483978
1275571 1566402
9840 1068416
179939 952284
516411 1319670
650484 1170898
624849 1057261
345951 707690
255325 1585754
114708 114783
729325 1298592
570809 694679
19043 636120
802177 1326787
72152 482218
1092117 1523617
494252 1656231
321392 802184
1121921 1126766
1523617 1644644
1223455 329156
238556 1487650
43764 750631
303198 782586
1152330 654986
122204 1276219
179393 1670363
999757 1070178
114783 1247262
769188 1268852
913535 1177247
911946 1179113
457312 639228
1047669 1514302
325430 676123
1467777 550485
109987 631971
1050576 1353380
631018 999757
697639 1286381
341781 1124706
613158 1075456
199506 1622449
415197 509829
103251 624632
210132 675879
244169 377227
635427 1390630
1519642 748024
303195 661055
105980 566886
1224521 1300044
1105464 1382804
865102 925084
514257 1294881
228055 472159
123469 708248
1362633 1426658
600664 867846
397639 739174
660258 849602
1193797 1195848
1116028 1608680
1057953 1583652
183827 613063
114784 595473
1431794 215563
172049 1262314
821393 1408537
697648 1692782
18051 1212972
231423 1514302
103113 523635
796619 1557331
341168 1431859
569484 933416
1074730 1670928
916969 1005812
6696 1377822
750141 1564510
380995 429514
136579 573291
606527 911057
126496 1098617
1283911 1520421
420758 1563848
864657 1576413
61518 768116
1320313 1461379
599929 822889
1404889 1567740
221544 1578916
513308 680876
669726 1573134
165880 1590544
834263 1468191
564066 1216104
420026 1532317
664499 672525
1554555 1590284
1349795 1371947
179166 1132438
668005 830734
207869 1572534
179407 885990
981471 1459725
178200 999757
303281 349166
176357 1014145
265100 428810
463021 817481
6045 1205316
71291 1362089
203462 1008047
110005 217453
234583 1100318
1287813 1579001
1159697 1170922
338337 409997
1198289 519604
9201 1563625
434274 1336823
5596 267574
103168 1092866
535066 1426335
310434 803423
675585 1214728
1182592 1671045
999757 1254866
1006298 1353892
267964 1670333
1249951 1534041
479620 594197
569409 692640
128046 134711
634775 1626087
805014 1283816
648922 1364975
659120 1397969
260866 895517
734084 1587804
95656 1124706
529104 1421375
166219 231717
118769 982592
886818 1164766
999757 1416187
592379 690267
185512 891952
165909 646340
1073300 1546812
1076296 872727
389677 1187165
902723 1304166
327281 1320237
675236 1669794
661294 873958
346493 1364975
1074092 1261942
481480 817764
1071524 1334090
381778 556032
533878 1094640
235255 60197
619977 783900
853950 1680283
999757 1590394
1388006 1592222
1317117 62833
651401 750141
648173 1256732
1493669 347609
146322 394065
110005 184664
165591 774305
93240 478336
745285 800514
145205 943245
19320 114783
228055 571097
1342356 1459725
24052 1024474
566615 599828
653870 886709
146373 1536508
1091311 1440923
346196 391074
877674 1487654
207621 999757
785944 787956
906860 1669874
303565 952284
692753 991267
114784 738469
239348 1135110
423466 744474
478546 837406
693253 1600034
64284 1680595
303888 784678
1076295 624484
597523 1561148
1097679 1229634
886258 1199170
114783 1082660
616011 1426335
872091 1396057
1294483 1434306
1206021 1475832
594197 1058622
132761 1027377
228057 934830
579892 953766
119367 1516787
71149 132585
1513341 365717
750631 1170999
392758 1274888
1646700 798281
381134 1327242
436352 989818
815699 982319
1471184 1542098
517107 1064343
478152 1597376
697884 1435551
114413 1489750
873658 1277255
77929 571998
452393 770635
480078 613272
71952 1275311
706582 1172427
103097 1366430
324334 1124706
258030 604841
1051590 1671045
261247 302911
181034 335574
891238 1429689
777716 1414467
326368 450274
172576 666803
114783 125765
145205 1212930
1016938 1469036
67691 1667085
1363861 411852
278715 942832
314392 1334414
1418790 1421093
308036 594197
652978 910366
17592 1165222
713450 1046044
229834 1360232
520110 620465
929850 1318190
590547 590902
591157 640539
726429 1592350
564527 918272
918646 1441210
1569629 1690474
1085169 558876
114783 661274
463021 1580379
666871 1085196
128618 810165
1507739 1511225
612753 1261425
72368 537268
46268 637851
397639 1277244
1583074 1674981
992235 1150572
220077 430576
379900 664420
1624935 1650820
688238 1334417
114789 335895
221545 302849
141827 867350
62054 527184
608344 784678
1225935 1491840
933999 1037343
452514 1524673
134590 710635
170032 1071277
771878 986885
309096 504860
511751 1281724
50820 853671
1426335 1429822
46604 1179113
879915 1151443
999757 1582016
784678 1368398
336645 1514302
468688 870385
593389 1590284
689188 1224521
189105 1216092
110005 274582
202219 1091298
1796 902165
564187 630956
734962 1598065
826413 1573403
126191 1323178
634775 1513475
576420 1469036
1136563 1141038
111927 1626156
123469 1575999
1634174 852112
44397 1052318
338337 1618548
1302918 1677288
340496 664401
323962 1561599
594964 1590284
664163 1349795
321513 932244
558173 831358
114783 1315507
237802 1459725
775013 1170279
873513 1364118
409537 1282609
203365 1086616
924080 1205148
102788 424589
602366 1587004
491082 663285
1088623 1395613
489857 1211238
1212546 1469036
224002 850851
44993 231648
779246 1466170
669257 1512392
750631 880770
481765 1490435
319023 1135372
334684 831217
321517 859053
178020 1670949
419542 1369772
518911 1056943
1367793 1671075
326378 1440923
325627 888799
662657 1670947
20364 1262385
330866 1587004
518632 986464
419996 978030
1049301 740125
426729 655063
1205316 1490174
996071 1278544
989256 1583074
1151020 1583074
79066 941493
256990 1672698
1003001 1558173
118769 1224233
326240 1075951
650202 1298592
547466 783960
248796 832886
177884 766805
861401 999757
635778 999757
784678 1181975
1553878 398556
302911 700639
803852 1360922
671877 960847
321397 435431
263666 681904
306835 311838
427777 686931
1295426 1475230
321397 1438650
1011111 1486362
1364975 1519156
887567 1210688
568266 804749
1590 1225510
114466 988939
228057 632012
685265 1249951
518008 976385
177654 1014768
528878 1463610
848686 1331533
917576 1390630
114783 1159002
216875 1469036
833266 1548405
1474795 1595057
221182 1554607
1084135 533538
72152 1524509
1295747 1536480
527851 1369772
737947 1423826
553395 679358
166188 1487654
475829 1091299
380484 999757
636367 1414278
232747 1377761
737742 1571221
349252 594197
486595 687807
177884 303215
177538 1101010
418190 528148
42381 749228
1010457 1512512
901793 1512012
475245 1168673
70729 1682805
870921 977096
1461335 326362
1473073 66061
1138282 1282431
56425 58173
489188 1469036
14082 80515
480289 1335657
1000763 1265796
1068353 853939
72691 1077792
62054 392317
72152 1428725
713197 1100213
228429 1673963
666295 862516
757636 1482919
753516 1519156
177996 507681
842418 845228
326589 978653
1438350 321203
110005 437814
123491 1368484
166964 412801
303091 819835
778927 1178250
996191 1252059
392860 1590287
451451 1549297
800304 885935
107381 298593
325867 709710
103351 397639
1507600 1565735
325835 438870
1026510 1532316
999459 1086754
747860 1431066
750141 1005138
210244 1053043
420029 1152689
67715 435839
1159933 1249951
667076 1177137
1128394 1128492
231423 1100602
419982 1079110
15578 925375
803852 1005812
670207 1433923
114784 1088126
221669 920572
635044 1277376
1469036 1518298
750141 1098416
182770 1670412
912540 1671045
1377612 1687874
109358 633086
270051 1294166
1668413 474097
936004 1547314
438981 559180
1132293 1484491
1104227 1109579
125490 1396848
1556818 1658653
328746 978030
522349 945021
177786 1414961
114783 1412953
913635 1480619
634959 1275571
1101099 1648861
695149 920779
579 526539
262244 1550524
194655 1052519
114784 1214708
626580 1014145
437203 1209761
397638 745310
61893 1171897
1021723 902872
800514 1588812
1477691 429841
338337 1460746
1225066 1462976
223363 303143
146433 1555262
258439 311109
607124 1290511
1209761 1670601
1070292 1650797
302974 554593
924800 1257056
741664 1671162
749127 774433
172887 203971
1050393 1057957
377545 1245224
634959 1687637
333486 879239
165978 414314
43056 231666
345625 1258253
179393 1629297
303246 1364975
752087 863506
571998 1366878
7043 1008949
392317 856859
420703 1377247
63654 601733
712632 990974
122204 633086
102703 632194
320047 778100
388940 1131002
737104 857699
1353550 1674222
270886 1488415
944453 1535693
619297 1364975
1266411 1376
56660 355210
983482 1518341
474856 888776
414798 734112
869871 998247
940332 1490700
424589 1437247
1066716 1067271
68058 1158745
1001031 1171375
335144 1178969
981813 1335966
348832 989339
1328829 1670333
303143 1016243
489175 925084
631971 1255940
131976 416568
123344 555912
1172552 1327029
355210 377996
106284 645235
24689 1037343
114567 381963
1131039 1171972
102883 603378
355210 1373908
805171 1486343
44300 1590282
1055237 1642968
4729 396801
712632 1397257
934536 1187512
1420151 1670896
1587076 940338
833386 1327242
1295773 1315378
1027084 1505689
185677 1650820
851068 1229984
228055 1621000
734187 1371651
888799 1557328
676845 1058150
230776 784102
634775 1333301
110005 1232899
52669 155552
708933 907808
1280217 1558805
1531991 1590284
452820 923378
254615 1487654
537268 1182592
225624 1158943
434378 1138703
694489 864474
668253 1156303
429763 1348591
978008 1487654
891151 1613022
583188 1137735
1102295 1224521
702962 750631
1198526 1576508
1091311 1413414
1584156 510639
341821 836728
79354 1600128
470737 1513690
1071412 1180553
811756 1641942
559267 1179409
5596 1233692
409963 933028
110005 603573
537385 686177
515727 1514302
1420527 1475337
332408 1210995
734962 1220154
177759 314584
858407 1532316
261207 419974
882365 1487650
64816 828748
1623950 1682805
944264 1584465
810726 1469036
121149 627631
1015630 1093296
607867 620000
221545 487341
188253 553602
44140 428810
303104 1006298
228057 1286386
952284 1677162
326186 977229
42221 1685507
1537875 1627108
1329726 1461000
669726 1600445
986524 1460949
698625 1506027
984344 1440407
228057 1572341
634775 1173510
1149984 1432380
411329 1640739
21960 666295
532182 1349589
303365 1206179
301702 302003
1180668 1553138
181988 1576508
829988 999443
313845 769627
999757 1398265
209990 1052502
865951 1549360
1051889 1536136
631971 1051988
31486 1671286
1243225 1360314
64753 1347193
424650 824896
131976 650093
167162 1282605
651562 1214435
1479668 1563066
625572 660099
338337 1126979
1408797 936986
910049 1600087
165978 268535
527184 532212
1078251 1551110
110005 1024919
232214 314159
1575239 1674727
905422 1369581
1396405 1621411
261879 533394
415080 767310
1256249 1468388
822565 1007902
479228 696481
177879 991449
1100847 1209072
519062 1298592
338337 558164
451799 1169199
908300 996842
674654 1670466
344197 742468
635609 1137121
572206 1137534
659895 925084
678946 835560
9247 321317
9050 177884
1365372 1518384
168564 1670928
228057 1008075
398942 1203423
641751 85612
561691 1481311
712020 1464303
397638 988186
228055 1627634
321392 679660
9462 980488
470165 1410255
137487 1482328
280881 853033
1432495 1671008
809507 1589106
177728 207655
189283 989339
617227 1033184
472566 1650820
932251 1670705
885935 1564530
418846 1073300
397638 1320654
656365 1426058
1377955 1560462
110005 1258341
867846 1473875
619702 810777
10242 778260
397639 1205057
1012746 1631891
326679 384086
215273 222947
20364 915622
106288 283127
661791 999757
89112 999757
42978 636780
114784 328095
265140 835560
228057 560482
712632 1296725
178075 1057558
1011479 1511225
114785 1094872
784100 1208540
508996 1436681
496509 502077
735243 1514302
802286 1506700
406596 849189
114783 565363
146435 1478602
1222481 1482919
441052 1255673
649920 1013479
978753 1090887
929036 1233253
82008 396686
317570 1504973
813178 1177054
112784 382952
868692 1577001
566275 914743
397638 915957
977254 1284570
1367269 1583652
980133 1050045
1139362 1685265
520160 1426241
431819 1226727
1212099 1219074
475245 939991
166929 1487654
468688 1179711
912031 1013323
601554 1233790
699880 1082080
321099 600664
1555036 1684666
708408 1589935
569951 776428
481765 1641331
231586 1057955
302789 1279509
618445 795464
304377 1290511
560178 1082379
925084 1210278
1378681 1567740
327154 880490
1234739 142161
302975 397638
171071 1524853
573869 1459725
210913 214943
848290 1229984
63393 396233
1242465 1459725
266272 1413171
1364975 1493034
504860 744277
879399 1514302
315714 1176072
350847 838841
201484 1000622
257718 424030
520172 1269321
360446 999757
397637 507896
806284 1529365
559327 1208540
221545 1014080
477964 1590284
114976 669726
209472 627631
463922 987439
1260355 1397335
332408 803871
1463172 1590940
924620 1555801
443387 1491891
650316 1074483
1077813 293500
338337 707589
430510 693308
1374009 1670795
92250 406596
442993 1590284
145205 796459
323116 750141
230244 326604
209705 430229
1370185 166012
648173 1571316
360069 431560
110005 475923
114525 601030
103151 326039
270485 1364692
1100052 1153996
687169 1463116
431748 1567673
437402 1670266
364083 1000112
397631 765152
851769 852319
1474208 978008
1056610 1460938
114784 1022502
606469 809876
223219 690924
133318 1158904
303007 510425
1426335 1587555
596827 1583074
114787 1460968
118769 383182
325706 1687874
800514 1641296
580036 1575239
1227958 1645018
1015630 1348123
1027563 1514302
539960 546364
882114 1090591
687680 999757
204501 1225308
477717 1256240
1162890 1670757
114610 225101
44 1566310
907805 1348631
742899 1490252
77929 1563108
1164909 1440819
878238 924979
296444 935226
223266 520110
537633 1320094
199506 640266
1150896 1154545
15699 529951
189465 321392
1364975 1479501
114783 1688392
413522 1098617
804178 1124706
1179190 1469036
1058150 1097569
1209072 1383144
10292 852673
228057 981241
114783 1355962
1059983 1060862
484271 1550524
517441 649352
1315687 1426335
885935 1279401
67498 1298592
1249951 1632638
1129880 1530720
239786 671324
5594 73112
1176119 1421183
348884 1671811
992092 1688912
1418690 1426696
512573 1037343
260598 417284
81322 228057
629711 1525249
396819 515736
113438 1567740
1511059 407708
867411 1164425
999757 1005490
750631 1470975
989959 1595057
326229 932401
393887 594197
1356837 1687874
1319834 1508588
377227 1578352
768335 832513
1116532 617462
1204003 1568364
228055 1173439
53197 61362
108620 1176274
231073 341389
231636 675839
325669 1535719
1097120 1463947
118366 919758
952284 1137768
999757 1255398
676784 1602356
470737 1426653
247536 652551
1368283 1685470
451670 784678
1603744 1605916
1286268 146404
598867 1691201
118579 853950
177322 481480
338337 547478
180466 228057
997635 999757
439390 606147
53051 60134
792522 1678197
338337 1658523
238680 848602
878152 1264820
1409291 1628984
1322377 1532317
1196758 1536882
341094 1439181
326117 445915
1027613 1364974
262184 526990
1073590 1130208
875238 1294894
1550475 856646
1051264 1583752
1377245 1532317
389910 463021
325289 797827
392317 1647133
326589 1014452
126679 1125437
630375 712632
397638 681013
221544 1212745
656570 689896
678878 1512849
459877 816319
1003494 1571132
796970 936251
266233 1561987
920976 999757
114781 1277620
633179 1149984
433673 663364
424589 1616737
1448323 885479
386109 1162845
329789 1362738
348441 1245151
348817 355210
326325 1335817
325945 382168
1052434 1373500
534188 1480505
183827 743983
397638 940693
114783 943404
108220 125826
114783 1482712
821117 1645037
622103 1093296
895895 942749
314505 654519
205614 521293
814809 941480
1150973 1393302
1055787 1328234
932251 1515281
115331 1462924
437603 1158371
466414 995870
241659 1669976
1090701 1361920
1071412 1284664
427877 1038962
1440174 1647000
933028 1571728
559709 766145
397638 813041
1486251 1590284
48440 735786
326151 765602
1093648 1477681
12871 174516
94666 431077
1090737 1365291
1161456 1590282
110005 1088480
507069 511729
1161956 1292901
221544 1272619
741371 1005260
261189 327885
228057 940236
228057 1096327
1223137 421284
321397 1138596
175732 932812
477308 1469036
734962 746015
852955 1324340
1412765 1650820
1478219 892389
68058 1672191
605854 1280217
314392 1475284
835560 1461155
57569 1461305
170930 1670713
854424 1554385
321397 935777
74433 468688
1051605 580817
1109146 210036
780597 1218301
562767 1621281
41644 1137029
1373823 220388
66306 310051
1427059 1459725
476053 1666570
65779 338337
1302287 1302352
812538 1000921
566760 853106
465817 630186
690407 1465955
469996 1590287
76512 436384
684206 1437904
110005 404123
493905 1037341
209996 862451
47637 526072
166158 668657
202392 1600655
1084987 1630312
1179113 1324619
701023 1583074
383430 391980
171157 397638
44800 234621
1069901 1558805
1010860 1508608
1450371 595669
110858 1478277
565604 868692
537268 1589977
391194 1222792
1004242 1671030
1266838 1590284
1055563 1179113
999757 1333189
133795 222290
1283341 1670939
707619 712632
114784 322539
1640739 1671045
228057 797268
737837 1440164
987805 997872
327233 1175871
528166 1249956
68360 1475832
114784 690709
1021086 1571539
221545 1416207
1154550 1259957
2514 221669
385327 1685397
84309 84858
634771 768091
1417050 69772
397638 1643410
1167342 1364975
879628 1514302
601795 1563351
555848 1388006
390747 490408
859098 1483600
173831 861654
1023942 1364975
221545 325241
321392 1588135
659608 1494228
438870 700154
747204 1261180
107505 1680283
165504 1511225
1219424 1466077
931678 1493961
320270 1047826
178252 1566662
1462019 1514302
673316 1228141
451406 886284
459016 508595
334797 397639
114652 338337
203842 1181484
119460 524658
1010755 1306576
255309 1670153
1230277 1332440
905877 1553906
507486 798168
6659 913075
228057 780522
765134 1672139
1273812 619996
832294 1670770
4174 70591
65449 796036
554585 1509542
600900 1091928
702756 1364974
272184 562031
127431 802072
258776 933934
109766 452525
1635889 460520
784100 868629
772052 914263
165744 1090552
745956 1462672
1219603 566634
243549 477105
786834 787693
240957 62536
856283 1512596
1674644 1684067
442590 1294894
122433 869653
199506 1087003
358751 1277220
716561 783960
76129 801363
805080 848493
23991 1091183
925084 1265755
674360 890796
397638 694619
310098 835560
936656 1469036
1644056 303592
880764 1436270
925084 1650143
177759 443653
885668 1211465
399171 1091299
528196 1098483
112639 867499
1410276 465848
114783 208723
175643 798679
228057 912038
114783 1329114
520262 1130910
692690 750631
136337 320122
1523659 1600282
325830 1536450
1090955 1219798
563956 784789
511401 862398
1384213 1459725
301697 870773
65347 322941
918445 1099375
385209 897969
223013 392800
658423 1323761
873344 1364974
121278 221545
435363 649761
743983 1489376
910208 1490641
906977 1090469
1262314 1589954
428703 1287021
179393 1393040
107439 476153
110005 410443
433062 768187
848686 1160916
653511 1545975
114783 1053727
46343 1583074
305102 1294134
431819 933927
322692 397639
711043 1473929
1055324 1642353
517441 1640151
756066 849256
1254980 1364975
684935 1293841
876367 1298592
347333 446477
1053423 1584924
269871 326148
228057 328603
178135 505370
179880 1076450
850106 1590284
675499 1590086
322327 326201
107451 1536480
210163 1019186
228055 1081541
775358 1586543
41143 1490174
1016460 1406464
540981 634775
709710 1053407
1164907 1227799
828748 885393
915995 1600670
690345 1426335
1275347 771950
231120 778094
261189 1546984
1673560 837733
166152 228057
46251 434378
404251 1155097
517363 1587004
230702 1216837
946173 1006515
177482 750631
619274 999757
648637 1197535
1449456 1532317
1093723 386353
635311 1646879
1051971 1461247
433264 544703
256258 1177536
178421 1590284
467280 1429976
265908 951257
1016454 1059269
1434390 699863
627453 1568742
399340 1124706
391826 573534
114783 1411016
228055 257706
600870 1397984
457711 462068
346847 937553
241851 784523
6781 1378014
1555400 1620511
221545 826295
234442 1364975
848311 1367299
363877 1206132
528994 676182
879229 1163556
928424 1370237
1437704 1507784
325658 697029
325605 1515482
58278 1364975
1426336 1429282
1327111 1691219
1394507 1690189
1279691 1600423
74157 259439
1023292 1631117
125185 1210617
826778 1243169
114404 221544
431819 455156
380538 602772
838841 852345
208878 784678
563824 1433345
564390 564948
46993 606147
327755 563892
346165 931903
777507 1469036
916476 1469036
751749 1162146
414588 1335052
951622 1164741
1289743 1674002
114789 303054
1274888 1690328
200570 1410235
585655 1545183
630186 1690538
397631 1058692
1153805 1317977
1125823 1197535
1304125 979380
438454 1645609
357762 410145
236147 582488
6557 127873
999757 1374215
1098617 1165569
4800 16598
1092033 1413245
42503 303094
392317 1416143
21960 428810
102619 439606
763524 1298592
816289 1363707
1163595 1680615
228057 1576528
398942 1177050
708933 1285930
931922 1216105
606130 914743
126140 1150896
345268 1426335
1156640 1389573
65787 178342
821752 1468633
799886 1469036
1294894 1615681
42711 1476320
172997 712632
885935 1408210
885935 1521857
612867 974384
228057 903079
476118 1516127
823452 1411480
338337 1411572
397638 1491560
391482 1364975
463849 1478602
750631 1229984
183275 784715
171830 733325
937243 1682805
876735 992942
20199 270051
70057 420758
1675048 493566
1628417 1682465
1223481 202767
397638 1519961
1024760 75323
345703 1426335
807947 1006894
114784 671908
228057 447034
570394 1274799
177996 1052008
1371456 1480276
1224144 1469036
221544 1459288
570580 947977
1589977 1671045
308415 977673
836758 1518735
1160916 1260414
600763 1281261
594197 608286
677532 1091298
398568 1070968
10242 1352140
102541 1091122
228057 348495
176080 815699
1535564 1567740
611449 1412679
397638 885000
221544 1316825
223767 634771
269080 1149984
1426551 1585744
1091298 1370940
935688 1178252
1160012 1564530
1058185 1684565
474946 692713
821662 935712
393485 1021831
117084 1349795
163415 224551
121213 852598
326045 388940
229128 1181803
199506 1340659
1322712 1487650
696480 1371300
165397 221542
315907 1674151
466662 606405
517089 775179
905519 1354159
928153 1567740
439183 1535601
1274846 1461541
553998 952284
1091298 1349350
106845 1676655
868692 1417503
942120 1016014
103941 1210758
228055 1035051
104910 1535545
321182 481854
1394048 1548882
63952 952284
200209 640418
413353 750141
1049537 1130833
344897 420371
67861 207869
750141 1692013
1214078 1525381
397638 1278220
1026917 1628983
1359401 1511491
1134630 1393040
374702 1347517
19635 907366
813299 1521736
269993 777581
16748 1015215
613353 1418771
341767 1233088
114784 1363194
228057 1689663
1364975 1572180
220687 1150896
557835 1179113
431077 823986
1463639 1647918
520946 1024474
776302 1461240
803852 1214389
1078121 1555262
175714 607462
331037 621680
303098 750631
455505 643702
132109 1514302
21832 505173
464262 468663
338337 563348
177591 1432633
304964 710781
1022568 1466470
228057 1291792
1316005 1433151
322941 1439186
488217 648415
999757 1491507
772154 1685265
338337 565041
337470 391826
1083370 1358599
240033 432133
517704 1563923
177557 1376831
326251 920084
992580 1551579
341821 1431859
221544 1442886
247930 881069
619687 1218258
188253 828155
1138956 1670934
463108 1037341
947214 1567740
1155187 1410610
534975 1532317
618844 1093258
1205833 733897
1100687 1315538
80155 117173
644389 646214
172482 221544
228057 580627
675644 920406
258030 552717
121213 455013
1238182 1349795
320518 904683
481834 1017173
263992 1179945
708933 1340456
890446 980462
325002 690240
323205 868860
192293 228055
177697 518960
897969 1445369
784678 1413523
675704 920779
1227525 1359569
672487 999757
195637 707517
784678 1690772
257205 1646142
710592 1323269
173381 594197
986591 1482530
621323 1372488
1222076 1469036
40550 1590287
424200 1487512
554593 1085017
486564 897274
559327 1335052
397639 1484981
419454 1682805
202392 1166837
114917 397638
1140634 1590304
1268852 4045
999757 1689594
348950 1024210
914316 974353
801709 1150720
477717 1536293
108220 264504
692099 1363216
1675773 882252
675508 1016593
228057 1673225
165676 436515
278338 877415
623737 1075178
146305 686147
781171 1567740
805080 1283351
1218137 1426335
127221 1031233
424722 1429010
999757 1535909
105423 782794
870730 1469036
750141 930828
577537 1291696
220150 562290
1300152 1578700
763109 1023713
816901 1274908
423600 1216312
473518 630728
312652 991975
397638 627470
1486183 1558685
217441 1677110
398942 485760
313654 477470
114781 1370739
228057 1397170
633652 811426
1070997 1458172
741832 1090976
398194 1421188
1295747 1326389
575052 1460901
1210688 1356665
634845 1462924
435040 1683927
629952 708861
14939 1571251
110005 495818
167162 1161139
79297 323073
822299 989743
472405 803636
743032 856413
228055 326879
413534 1461541
593096 1469036
486095 682478
103063 389910
309577 444035
231228 527478
186137 851769
321392 1294529
1124706 1126464
750141 1688871
114841 610894
693320 1670386
726021 1298592
41154 884312
6139 481480
171911 982905
113024 451042
491493 1622371
169624 267574
660366 1202620
559076 873513
1423477 1641083
854424 1476955
1262988 1429594
1170916 1364975
1302473 1349795
1640991 169826
1595057 1601985
338337 711951
386172 1000309
940600 1460974
50441 1484656
1085196 1487377
127377 435532
1350454 210305
221544 746257
381121 776672
457953 1070923
103065 325654
481620 1294894
1462924 1566152
605120 1320094
359085 361342
228057 1223411
438018 1491059
450077 1317949
905662 1398485
1173530 1381079
110481 1466077
508103 784678
1393302 1621210
123091 1518753
647695 922703
338337 956079
628781 784678
1514302 1536412
291467 338337
327052 487729
429737 679772
796970 1354529
1365608 1399612
708933 867894
102997 897969
103281 165744
531827 850945
398505 784678
204067 1571162
321275 1627680
231724 608994
1389989 774821
177710 422154
653511 738316
1364975 1518427
866022 1048061
634775 662993
749127 1690220
181589 237536
1401365 1407609
1502515 1653574
827438 1664615
1365661 1426336
1151755 72280
110005 1607966
904393 1331533
835560 1216573
1367879 1392723
1587294 1640167
228057 263567
412117 832294
1213604 1579134
784678 1507333
622725 1514302
750141 1167025
571895 669726
321317 1421183
697062 1559757
338337 697525
110615 562280
221544 1589035
406596 588388
675585 1647918
1150896 1152098
103292 1025251
866826 1334988
221544 600894
1221023 1611460
1225250 1419155
674360 891436
118987 1051285
777734 1620731
269057 1462326
238247 1590582
114783 1354005
103433 397638
922761 1479065
740538 1211698
831079 1177944
998590 1261708
1249951 1263974
192691 1179113
54853 355210
749127 1138476
1193583 1197535
114787 1330334
768925 1172382
16624 659451
230803 697200
850921 1372990
228057 552865
425343 627170
49821 471547
870172 1487738
1227720 1285403
514512 639288
1507880 1523247
432675 992152
366922 461733
633420 876276
1069255 14244
377227 775333
79611 1497016
486730 999757
196493 863058
1514302 1647511
221545 1590025
1120538 1687874
654901 1331843
746333 1015630
656694 1227730
744643 1487654
468688 667833
1001951 557789
479238 1420527
79786 322749
334019 669637
1560831 960847
228055 1172819
1215059 1629001
270806 1155383
271143 885935
603993 1588868
437203 1084701
114785 1682458
668689 1525710
1633018 249357
275290 475222
109026 1014145
207869 532811
103442 333702
1508649 1514302
1342229 1388869
1096886 1532317
1069901 1280217
93258 478336
1159806 1199321
941576 1278544
1180536 1214389
110005 646515
80616 784100
398942 1670624
207935 881579
744994 1052008
516141 1471998
397638 1181750
517441 1134062
980936 1262762
636172 743032
123824 1014145
325475 1370832
424209 1295747
397638 1347508
301848 951106
861987 984518
302926 1364974
826778 1558695
388940 1131201
1560462 1620426
228057 239072
546889 1469036
280932 897912
146309 169193
104419 228057
1050110 1152239
1348007 1364975
1173687 1561987
1072431 520696
472089 656515
447770 1532317
118198 452919
807192 1549445
1027904 1279474
630088 1426335
637300 908142
321276 1289205
348960 828710
1007915 1523617
30442 114377
132806 1459725
482909 970280
1022203 1249951
659755 660729
1053407 1131039
80515 268595
1016352 1590399
338337 1349624
785321 1561059
69696 1414302
71524 132707
338337 375789
281375 1294894
783664 1650228
749127 1152135
76316 184963
817142 1622606
61508 1671008
697377 700316
1577051 436151
458024 481480
108620 565054
560450 1623673
114783 519737
796732 1459725
204820 1371300
303259 622588
909120 1583074
255542 662328
314392 1500820
1459725 1481718
397638 1090596
920833 1085196
221544 1275937
146457 1431318
170869 1397335
1418491 1590282
1060081 1557156
97818 469791
1090978 1577001
110005 1090431
594197 1461770
381082 1586788
530859 1252059
1562831 1681907
203716 697480
1014880 1131976
1178252 1207095
177884 1091078
750631 1090495
557348 1016352
1052722 1246838
1215802 1475073
239522 886258
1365921 1690234
114783 667950
1678076 621283
989216 1433906
427803 999757
1214491 1215664
409963 1423607
572099 984344
584285 1407874
337783 1157391
136337 1026917
744329 765477
854424 1523962
433299 1589547
228057 1095240
117238 563199
561051 1575810
772695 1426335
21696 423553
114789 208942
83120 1175115
309448 1536432
748408 1136969
181660 552296
165611 1074846
1426335 1439209
391232 566982
203365 1623084
919147 1261532
14820 1665806
69091 1549781
1370330 1426335
920224 1351045
121503 442221
1281110 1508551
1547868 835675
326712 940332
228057 1223541
1379094 1471169
1347143 1438807
533310 796108
531199 766145
912838 1379075
47022 1223530
67034 1026274
445680 740225
483978 1426551
397639 1690296
221544 815904
473167 1479670
1233692 1371651
131182 1487654
90875 468688
435363 558280
178206 1595057
691898 1685886
338337 806566
712632 1106327
72340 1628882
999757 1576094
148742 1590284
166374 1660730
912920 1132011
1014145 1465375
772914 1016759
1583074 1683664
813299 1208540
917908 1227958
1003952 1650820
1138386 1364975
536734 1683975
1278220 1656231
526252 1057484
732412 879766
657618 837039
7216 203899
110005 130815
169805 694696
113858 582440
114785 1290781
493846 829878
52814 634775
774362 1085196
1075974 1690328
558173 621862
397639 1436788
114784 1122784
749127 1019168
417539 699427
61518 1535507
1578870 1590287
1041085 1326381
669322 1511225
78506 1009874
341384 1489297
166306 769782
1081477 1173658
336498 1628305
417322 1092282
177879 709883
784494 1227106
556295 708933
381778 674369
321039 1627217
1391061 1590287
886258 1581740
278338 625481
932244 1420778
231423 629892
325853 877993
119367 804749
1289215 745354
747086 748408
114784 883527
325912 442602
1138765 1342718
985427 1275454
850837 1150896
178013 1262787
167797 1498154
168563 242538
8220 565486
1606530 654901
261879 648498
398194 1688663
1469036 1532140
634775 1240848
16979 419996
662657 1181115
303143 593560
253040 1583074
666927 862140
268581 1622606
170912 397638
1206647 127431
178083 1536105
415080 978653
1091078 1214997
1073475 1677759
1180877 1678195
1133771 1288216
18652 975002
302445 1539999
1001083 1295747
323130 813497
1053434 1255582
446818 1037341
179393 531893
450248 606130
408680 816151
475404 1150720
443165 1080883
221369 708933
867198 1179113
1561106 349193
269057 349262
66899 178050
1589985 1590287
110005 282591
110005 695525
338337 653415
63205 952284
16598 109726
1197739 134126
529710 1205974
772030 1091078
61452 1650049
1535766 983619
852228 922527
263303 1007857
259670 1682319
1210559 774221
1016045 1482481
999757 1020188
1090677 1178655
420758 647271
103295 557032
349108 772648
408970 830411
686628 928449
1597148 1599417
206744 689462
73546 326845
1171646 6618
532212 622188
314392 1018130
1301288 1469036
221545 1431586
877062 1327242
676182 1589838
228055 1371956
1090469 1229990
65999 673414
833736 849220
338280 837373
708860 1261708
1271304 1326793
10124 1165527
999757 1076213
278148 282045
110005 564569
1212099 1679682
487207 1323178
1098430 1364974
1227237 1293644
345346 1582078
699594 732552
330149 825796
221182 1318461
1179113 1211671
1411321 1483600
594197 1629457
864957 1224569
463021 934565
210352 999757
506714 519085
536640 1532316
441302 926776
764063 848422
184912 834680
536360 658429
784678 1449149
110005 1678971
346461 1323070
987205 1020665
750631 1145784
1056988 1670646
143205 145282
309501 1664876
260619 835873
1461339 1581058
1448233 1676017
347186 1019762
266272 989192
550011 1349795
934196 1588840
233174 398942
999757 1097302
986330 1347733
1090516 1508114
336024 414798
598735 680896
379258 1628957
431502 533870
1270340 1580465
9638 1298592
44430 1563661
114630 887710
1223566 1648571
488157 1099681
1155094 501148
116561 1588479
1472366 1515375
1318256 1588239
221544 539132
75326 629348
1014446 1179113
102838 326229
648757 1392723
114784 1276310
267546 520262
827964 1007462
397639 674074
1428507 1481095
885688 997210
1295332 1462354
1051988 1140340
1091117 1477237
437988 1439181
75779 1177247
796146 986600
520045 553645
445541 1469923
466075 771752
110005 1115408
262426 902602
820567 1469036
1358666 1364672
115613 514395
555190 1037343
114776 678207
853693 989339
487677 608262
999757 1057090
83612 989339
413534 1466958
178003 475751
541134 739193
325439 1101689
221544 345546
952284 1586568
783590 989332
105980 654519
1464095 1473741
3922 1675539
1023329 1590057
259918 983854
73546 1520599
114783 786133
228057 1177270
767479 1475623
913535 1483539
165999 811291
655970 1648157
328746 1056254
177384 1556365
1415882 1473929
1230385 632864
241616 1179113
235106 1017352
397639 1670406
228057 1175571
830319 1166048
1027221 1295773
524592 1536242
99641 237600
797143 1051189
1051590 1207095
417284 657579
1166661 819359
305360 1514302
1661961 205483
397639 1669995
436286 1683707
179762 1017290
1164731 752200
556989 1260678
1070296 1165950
1472142 404935
935692 1587266
1314929 1512765
397638 436470
936485 1015506
606657 837551
999757 1098107
622846 1332177
662513 1349795
139416 981645
524896 809951
1037343 1320377
1027960 1345025
908739 1575239
1429210 1459725
583146 766230
999757 1100768
800983 838035
1247768 1577779
1099996 76981
781851 1325959
515403 622175
606238 1327246
925084 1436553
110005 1135144
1162432 1469036
10977 1505701
87248 989339
103992 1621972
397638 1573133
942697 1426335
210030 348820
708424 737104
798776 1351338
412801 1559809
1577371 420911
221544 1459876
1427090 1438050
397638 448807
165811 383453
303215 1587600
849998 1090692
856413 1371651
658964 1014145
639228 642038
573997 1078544
327281 1091263
1037343 1221228
1091375 1489291
1092117 1225935
17178 1075588
18499 230892
114691 1369158
1170915 1638641
589046 591411
67044 318238
665888 1049148
1559020 936871
1051361 1357452
1324263 1681102
115589 1373759
712632 1400114
1099227 1489525
676123 737656
80579 392631
518512 1255940
597110 1688110
767310 1204716
241033 1462570
562138 775486
800983 829266
1207570 921682
1514302 1600126
390961 424589
685682 986992
228055 1128103
336711 1504866
102934 325662
112952 597110
1535988 76374
1288820 1355479
49770 632606
881192 1583074
814391 1690474
1213640 1560172
1069296 238974
702956 854764
135111 674296
1364975 1671610
1112791 1120233
208021 777609
210583 541134
409330 798438
524190 1426335
999757 1224144
1624370 629348
344659 1170112
424700 1312698
220290 708248
1249951 1677344
102528 102615
221545 694988
925013 1364974
830785 1288568
614049 905046
930715 1001031
1277069 1590282
494051 630186
625443 1051590
337632 532796
228057 1014649
264393 875617
826353 1085983
65822 75779
827519 1000491
694039 1518485
397639 572031
1131718 1165020
521399 1590284
305637 769985
772237 1492372
1057343 1644161
114853 432297
615834 1536146
1360550 1508082
442590 1141743
177924 473520
110302 1682805
302800 1205316
532447 1124706
481854 637300
995345 1426336
470285 1579482
579 1479971
80697 237415
108620 919685
424589 583377
508640 1474085
648670 1508222
259295 945012
220961 750141
838841 1383267
273956 1025374
921674 1179113
397638 1178184
784678 1582067
881648 1293127
564169 995968
556680 1462672
1016599 1307440
830459 1364974
682478 1392723
541134 1143769
210082 985656
1099897 1313446
1075178 1152924
184170 1289743
184921 1572361
326661 1289935
103231 1491914
561415 785809
397638 428635
1016759 1646139
302200 700619
1647353 559180
177538 1232260
145205 607859
398942 1420539
1364975 1674060
434784 1005610
210100 838841
394496 1362735
673111 836273
78505 1259324
1024474 1232066
1024424 1298592
415036 1224521
445626 1600508
205992 1285844
124325 228057
386775 707598
172049 1521155
1233903 1523624
348947 999757
607769 1124706
1618199 1618875
185512 1260174
188264 572703
116992 1091298
1395613 1552540
431077 993861
1047044 1668061
234621 1024604
392880 1271952
100081 1179113
698789 1354571
999757 1687950
1468420 1505778
999757 1408100
711385 1378134
998590 1574662
649620 852839
1217112 1364975
228056 1213604
1260867 1486808
1369772 1646879
348620 1481732
321513 1069016
361800 366469
463351 1262792
855998 1650820
565604 1521759
114783 269087
931972 1007915
424589 1469067
112478 1140499
228057 711056
887873 1295747
1061 1090890
178060 1590286
318158 1167141
1049016 1369468
902509 1006478
1173069 1650820
712483 984888
800083 1650820
628815 1398858
20501 1005411
406596 977965
621977 695981
340778 1355125
1038962 1340147
78500 562755
516858 1535882
221540 1070242
941643 991805
663701 838035
566275 767310
566760 1575810
128761 1220394
251657 1523867
105260 561691
1285776 1426335
1090828 1179113
914995 1462589
930622 1513092
671919 1556161
1449933 1641574
1429074 1684258
932290 1197535
236583 1037343
472224 855916
103442 664499
602711 1479065
88159 1516205
1204174 16400
178193 413718
657088 1475489
114783 1535755
655490 1532317
481765 797701
993198 1134485
1532316 1681801
103280 1295747
226129 904683
1573161 393588
1124706 1130100
371373 989339
607221 1069687
44054 349031
328341 1027344
64816 802286
332434 1581781
228057 561539
1327332 1433985
509668 1559807
2471 889826
404170 1617634
1251736 1559678
665711 999757
1355856 1465477
1090622 1589838
1014145 1546234
133882 1491840
122918 1404494
639073 681006
1359155 1689774
494255 1014145
562290 1567992
1480447 446580
231370 266587
938518 1178252
221542 936485
1217878 931321
45913 853294
114784 773827
221544 1593712
338337 1277025
415676 1229587
329727 693253
119242 1090469
249248 312502
114781 392445
425544 634775
315735 1423187
927559 1489376
531169 1429037
607853 883059
921052 1099913
221544 1597667
421308 1005752
1134485 1670333
332583 943097
397638 1318132
167162 890603
902089 1576508
1137582 1178546
310449 1568090
221544 493520
784678 1684526
980164 1303249
862363 999866
1165418 1226870
6180 853033
424589 1356269
270977 801260
1170127 1688820
774267 774322
299719 338337
127622 254367
654821 1560079
173897 1208535
396282 1650623
613272 743032
1090679 1287251
1037341 1554072
114853 172049
1072563 1150016
595205 813082
935692 1521155
886668 1208387
883124 1469036
421947 607799
102883 1230237
114783 798440
1650820 1670502
980758 1418081
451950 1576508
664939 1177672
389037 1282521
441665 1670896
102406 1642026
834263 1092599
183656 1331860
63155 1583074
1037343 1515287
124848 1361103
298569 1426335
923769 1686338
1153222 593728
595246 1479145
837373 918445
129311 635951
182770 348794
184327 1650820
1454811 1455290
395661 715874
326012 1514302
805995 1398302
1357981 1490366
1323070 1689860
925084 1364247
601 856531
139056 1140482
1549209 1656231
270354 749127
114784 785195
698513 1469923
513049 1493473
108220 989674
310925 766740
824896 1419639
352074 357762
384997 861534
1475337 1690328
165413 924900
594197 1641455
228057 1512868
977673 1376540
951093 953922
830629 1070610
673936 1124520
1019049 1165686
146312 902723
1049148 1091299
648173 1620763
1053094 1626370
999523 1255263
395360 1398016
686535 1393040
181309 1135320
952284 1525600
305727 1691860
915743 1423607
435756 1336476
1168789 1223186
693645 811476
905064 1073487
127873 406466
636172 908482
310293 1155540
531893 1475623
1085196 1493473
174113 1367916
301852 1124706
222276 1507877
862516 1359569
1362703 1574622
1377107 1467633
669493 751426
953666 1349165
221918 1374909
44416 1469036
593247 1590284
1282431 1689860
209896 567016
1164766 1590399
925084 1522995
932401 1468061
44397 1682955
1013733 1094171
69899 123469
709612 1349795
810165 1641331
80068 1485715
259670 1670730
992314 1689326
241611 1650820
627702 1515832
480644 1674644
228055 1473457
1627027 691816
1224521 1322549
1086074 1358346
784399 1378848
828908 1218822
730096 1012471
678207 1416143
338337 988858
269061 1426335
108620 689457
321957 827072
4800 862398
1566103 1590284
344362 598735
112518 1480081
339532 836696
475360 1532317
1683485 326220
1420777 555139
265058 1519888
733078 744034
228057 260420
253152 564948
1426658 1509378
255174 1091299
1193771 1224521
116120 1361658
187879 49669
20069 1364974
385104 827803
867499 1057953
154550 154717
253057 1283911
1325022 306576
612680 926114
687940 808772
492835 1520782
925223 1673951
651086 864860
842143 1569965
1518432 684151
221544 1214775
877535 1349795
394567 1590284
1166837 1600193
378869 1162146
1550 823576
574981 1378072
750631 855571
1181115 1559809
1113688 1349517
304276 880787
908648 1226812
326448 833305
450248 566886
114783 1481173
123583 490368
221544 888442
468663 871581
905332 999757
