1	114784
1	785195
1	328095
1	241583
1	1203125
1	1276310
1	1214708
1	554034
1	615693
1	322539
1	690709
1	819323
1	890133
1	748159
1	595473
1	259359
1	784720
1	744750
1	1540880
1	738469
1	1022502
1	883527
1	671908
1	1363194
1	773827
1	323064
1	1088126
1	1122784
2	145205
2	886258
2	943245
2	802648
2	782932
2	225827
2	239522
2	1212930
2	796459
2	1199170
2	1219507
2	1581740
2	650915
2	607859
3	303054
3	335895
3	114789
3	208942
4	1555801
4	977896
4	924620
5	1518432
5	684151
6	241851
6	784523
7	43870
7	1327357
8	1098483
8	340106
8	528196
9	1100584
9	696575
10	507896
10	397637
11	632412
11	409263
12	668657
12	166158
13	182826
13	177641
14	1374009
14	1670795
15	1671030
15	1004242
16	1136563
16	1141038
16	223340
16	436797
16	1632264
16	1169831
17	1137176
17	1054512
18	1285403
18	1227720
19	920406
19	675644
20	334495
20	1650491
21	783900
21	619977
22	1296127
22	466525
23	226129
23	904683
23	320518
24	116120
24	1361658
25	391074
25	346196
26	48440
26	322941
26	828155
26	1282431
26	16624
26	377912
26	918646
26	1323070
26	1670820
26	674360
26	346461
26	1689860
26	387121
26	1439186
26	188253
26	268807
26	1138282
26	651562
26	735786
26	1214435
26	891436
26	1441210
26	509668
26	833403
26	20241
26	65347
26	659451
26	339800
26	890796
26	1559807
26	553602
27	518008
27	976385
28	795773
28	488782
29	112952
29	1688110
29	597110
30	905046
30	614049
31	1177672
31	664939
32	920779
32	675704
32	695149
33	211715
33	578605
34	608262
34	487677
35	785198
35	608135
36	429351
36	1076682
37	511751
37	1281724
38	207869
38	437988
38	103063
38	1428725
38	325430
38	67861
38	817481
38	482218
38	1580379
38	934565
38	1504268
38	1524509
38	532811
38	1548208
38	1082467
38	389910
38	72152
38	1439181
38	676123
38	463021
38	737656
38	811489
38	341094
38	1475698
38	1572534
38	773501
39	1098905
39	1012509
40	1461218
40	326013
41	1350454
41	210305
42	189105
42	1216092
43	561659
43	860643
44	484703
44	10888
45	1123972
45	435010
46	430229
46	209705
47	358751
47	1277220
48	463922
48	987439
49	1581553
49	463923
50	393184
50	941820
51	1642695
51	583121
52	4729
52	396801
53	1469940
53	43469
54	1680631
54	342727
55	429841
55	1477691
55	915222
56	165611
56	1074846
57	816319
57	459877
58	566443
58	1180165
59	1263301
59	1449498
60	1242802
60	900781
61	710950
61	1598739
61	1675664
62	392581
62	1555593
63	146313
63	166106
64	146312
64	1304166
64	902723
65	619702
65	810777
66	326779
66	1670060
67	7216
67	203899
68	286019
68	283889
69	914673
69	1466039
70	698625
70	1506027
71	520172
71	1269321
72	737947
72	1423826
73	907805
73	1348631
74	892061
74	1162095
75	1137582
75	1178546
76	1377761
76	232747
77	885935
77	1160012
77	1408210
77	1521857
77	800304
77	1279401
77	271143
77	1564530
78	115843
78	936342
78	819999
79	502910
79	524782
79	1013565
80	114787
80	463658
80	303116
80	1330334
80	1536070
80	165712
80	1460968
81	811778
81	1080078
82	49770
82	632606
83	526636
83	1396016
84	1563853
84	1233089
85	529084
85	530716
85	114785
85	1100859
85	1471069
85	1290781
85	1682458
85	1094872
86	1197739
86	134126
87	1152794
87	111220
88	1545183
88	585655
89	170258
89	1390184
90	880765
90	715449
91	544549
91	744675
92	308079
92	1177852
93	606657
93	837551
94	622625
94	420312
95	1463116
95	687169
96	1484491
96	1132293
97	1227297
97	1461702
98	444833
98	586834
99	1509895
99	1564492
100	392800
100	223013
101	326594
101	1100313
102	443025
102	634920
102	408993
103	827964
103	1007462
104	1024414
104	615539
105	600930
105	1411929
106	1162146
106	378869
106	751749
107	150623
107	815919
108	905422
108	1600494
108	1007872
108	1369581
109	1011479
109	165504
109	1507739
109	669322
109	1511225
110	25178
110	444559
111	146305
111	686147
112	2514
112	221669
112	920572
113	1378134
113	711385
114	489278
114	317251
115	1286268
115	146404
116	1251736
116	1559678
117	936871
117	1559020
118	715892
118	674346
119	603378
119	102883
119	1230237
120	1487821
120	18892
121	513076
121	525840
122	1689774
122	1359155
123	1639575
123	1690963
124	1480505
124	534188
125	1431318
125	146457
126	528119
126	1476994
127	112062
127	1200146
128	768187
128	433062
129	1675773
129	882252
130	837039
130	1414427
130	657618
131	303213
131	1368035
132	1460974
132	940600
133	1535719
133	325669
134	442602
134	325912
135	1367916
135	174113
136	1421188
136	1688663
136	398194
137	991449
137	177879
137	709883
138	780597
138	1218301
139	209896
139	567016
140	1556161
140	671919
141	667076
141	1177137
142	1475465
142	1164766
142	379900
142	80068
142	886818
142	664420
142	1590399
142	1485715
142	557348
142	1016352
143	259295
143	945012
144	705325
144	389056
145	1204174
145	16400
146	1370237
146	928424
147	1490366
147	69696
147	1414302
147	1357981
148	1401641
148	1405011
149	13673
149	702985
150	1418081
150	980758
151	1260678
151	556989
152	474856
152	888776
153	409901
153	1561418
154	468688
154	74433
154	1179711
154	90875
154	667833
154	870385
155	183954
155	1083019
156	1603744
156	1605916
157	1083370
157	1358599
158	783103
158	1414766
158	155
159	1234337
159	1539495
160	339440
160	128627
161	885668
161	1211465
162	853033
162	280881
162	6180
162	805527
162	295245
163	1410235
163	200570
164	556734
164	316827
165	1373823
165	220388
166	134139
166	1450069
167	1289544
167	303586
168	1434306
168	1294483
169	1550620
169	1094171
169	1013733
170	616937
170	765799
171	1180594
171	1158630
172	563824
172	1433345
173	1515281
173	932251
173	1670705
174	476754
174	1206706
175	734962
175	1598065
175	1424484
175	1220154
175	746015
176	1322159
176	561076
177	414950
177	929285
178	1512233
178	1182271
179	1151755
179	72280
180	634771
180	226336
180	223767
180	768091
180	557085
180	902459
180	432681
180	269771
181	1572361
181	184921
182	1090516
182	1508114
183	1275141
183	1023702
183	1137272
184	438018
184	1491059
185	416776
185	965741
186	871569
186	1587409
186	463351
186	1262792
187	884312
187	41154
188	348890
188	1690570
189	533513
189	1530913
190	1641942
190	811756
191	108472
191	1336823
191	434274
191	1691221
192	14451
192	104929
193	1670939
193	1283341
194	1332565
194	753181
195	179462
195	1675863
196	1504084
196	91184
197	341899
197	1655247
198	1365608
198	1399612
199	433299
199	1589547
200	372341
200	1420190
201	332434
201	1581781
202	1158943
202	225624
203	1013921
203	302974
203	1085017
203	554593
203	1023064
204	1672726
204	130428
205	1027084
205	1505689
206	330149
206	825796
207	23246
207	1135616
208	326661
208	1289935
209	1353550
209	1674222
210	303007
210	510425
211	832886
211	248796
212	239312
212	1412711
213	1670210
213	1536526
214	231120
214	778094
215	221506
215	323130
215	813497
216	689462
216	206744
217	1015215
217	16748
218	998590
218	1574662
218	1261708
218	708860
219	580404
219	837753
220	878238
220	924979
221	937781
221	1691860
221	345922
221	1549297
221	451451
221	305727
222	488217
222	648415
223	309096
223	504860
223	744277
224	167797
224	1498154
225	1006202
225	1512945
226	1139018
226	1124300
227	933150
227	167428
228	102636
228	102578
229	235255
229	60197
230	850418
230	386497
230	1048061
230	866022
231	890924
231	1230063
232	1177536
232	256258
233	303374
233	65455
233	463849
233	1478602
233	1293321
233	1014768
233	1692559
233	177654
233	146435
234	112007
234	562183
235	801260
235	270977
236	325705
236	61508
236	1671008
236	1432495
237	1500019
237	539565
237	1351837
238	1166661
238	819359
239	942832
239	278715
240	869871
240	998247
241	352145
241	354011
242	99641
242	237600
243	706582
243	1172427
244	229260
244	235334
245	1555400
245	1620511
246	1461240
246	776302
247	1571728
247	409963
247	1423607
247	915743
247	933028
247	1134402
248	665753
248	780841
249	1605842
249	220247
250	552296
250	181660
251	64572
251	1332321
252	670688
252	1223958
253	639073
253	681006
254	904989
254	999541
254	1172989
255	1003085
255	366031
256	1234490
256	514014
257	1150016
257	1072563
258	805995
258	1398302
259	1464878
259	424994
260	419996
260	16979
260	1056254
260	328746
260	136842
260	978030
260	386647
261	436352
261	989818
262	334684
262	831217
263	118987
263	1051285
264	1613022
264	891151
265	1088623
265	1552540
265	1395613
266	568285
266	932426
267	310097
267	907267
268	678946
268	835560
268	609494
268	327418
268	1461155
268	265140
268	710311
268	1216573
268	1090749
268	1366178
268	165935
268	699229
268	310098
269	517441
269	1590284
269	593247
269	593389
269	1399456
269	118300
269	1486251
269	594964
269	850106
269	296710
269	1045747
269	1531991
269	477964
269	1266838
269	394567
269	614482
269	148742
269	1134062
269	1640151
269	509272
269	648892
269	1426272
269	178421
269	601779
269	1401322
269	442993
269	856634
269	1554555
269	1448341
269	521399
269	735316
269	649352
269	1566103
269	1670666
269	518680
270	438981
270	559180
270	1647353
271	1392336
271	905913
272	798776
272	1351338
273	1225019
273	1590186
274	242538
274	168563
275	516858
275	1535882
276	774322
276	774267
277	305897
277	1486092
278	239806
278	1470906
279	674908
279	232789
280	1180801
280	1091928
280	600900
280	809951
280	524896
281	115613
281	514395
282	1430171
282	1670363
282	179393
282	1629297
282	1475623
282	531893
282	1393040
282	1134630
282	74250
282	767479
282	686535
282	827485
282	595260
283	1558685
283	1486183
284	326251
284	920084
284	1474626
285	936251
285	1365921
285	711043
285	796970
285	103741
285	1690234
285	103062
285	1354529
285	1415882
285	1473929
286	312167
286	572449
286	306272
286	507478
286	1405828
287	1535482
287	67337
288	1613723
288	1612336
289	1518499
289	794914
290	257400
290	1398101
291	928824
291	1364291
292	824956
292	6734
293	1010533
293	378427
294	1677110
294	217441
295	984888
295	712483
296	850851
296	224002
297	531169
297	1429037
298	376111
298	1242794
299	321392
299	1138649
299	189465
299	1294529
299	679660
299	694376
299	1588135
299	802184
300	205685
300	1209267
301	977096
301	870921
302	235493
302	1673125
303	622258
303	814207
304	604396
304	265082
305	1514402
305	1472071
306	891238
306	1429689
307	1553138
307	1180668
308	535322
308	1134436
309	782794
309	105423
310	14820
310	1665806
311	1641083
311	1423477
312	572624
312	771916
313	1236311
313	128188
314	861987
314	984518
315	1084135
315	533538
316	784789
316	563956
317	914263
317	772052
318	269871
318	326148
319	1095947
319	410466
320	205992
320	1523587
320	1285844
321	1052434
321	1373500
322	888799
322	1274908
322	1646784
322	1670516
322	325627
322	1557328
322	816901
322	885018
323	451406
323	886284
324	1476924
324	465647
325	1406464
325	1016460
326	717376
326	493968
327	848311
327	1367299
328	123091
328	1518753
329	184130
329	566043
330	875242
330	182999
331	4045
331	1268852
331	769188
332	1441185
332	206978
333	1095793
333	1485385
334	404891
334	404153
335	932648
335	782226
336	856831
336	1627480
337	384413
337	1671461
338	660099
338	625572
339	77042
339	465615
340	278338
340	1432005
340	536421
340	625481
340	877415
341	554127
341	683286
342	991975
342	312652
343	120547
343	1468191
343	1576413
343	864657
343	834263
343	1577113
343	257554
343	1092599
344	1369714
344	1429624
345	337632
345	532796
346	975852
346	738196
347	325810
347	1590235
348	999523
348	1255263
349	1218822
349	828908
350	902602
350	262426
351	1051189
351	797143
352	1230385
352	1525628
352	632864
353	1066716
353	1067271
354	1509378
354	1426658
354	1362633
355	1132438
355	179166
356	1192536
356	12242
357	1404494
357	122918
358	141827
358	867350
359	1602356
359	676784
360	135841
360	1513891
361	573029
361	506218
362	1074483
362	650316
363	1355856
363	1465477
364	108433
364	692228
365	341269
365	1054909
366	360988
366	361078
367	1234739
367	142161
368	370431
368	1297411
369	303048
369	1670913
370	206561
370	1228078
371	50820
371	853671
371	919328
371	412190
372	907152
372	335295
373	335292
373	573441
374	920172
374	770231
375	1227237
375	1293644
376	1674074
376	605977
376	1008949
376	7043
376	339123
377	431748
377	1567673
378	171830
378	733325
379	505173
379	21832
380	347333
380	446477
381	114610
381	225101
382	1522902
382	942400
383	1162845
383	386109
384	656515
384	472089
385	816151
385	408680
386	821889
386	1589988
387	20124
387	1415495
388	1461386
388	462863
389	666873
389	1547739
390	254144
390	1590042
391	262244
391	484271
391	1550524
392	1208535
392	173897
393	1479065
393	602711
393	922761
394	210244
394	1053043
395	132421
395	1481922
396	390779
396	1127836
397	1283816
397	805014
398	685682
398	986992
399	864123
399	112624
400	1467777
400	550485
401	196493
401	863058
402	557255
402	735143
403	178182
403	711095
404	255542
404	662328
405	424161
405	131965
406	1589838
406	528994
406	676182
406	1090622
407	992235
407	1150572
407	109524
408	1021086
408	1571539
409	1586351
409	514900
410	1013323
410	912031
411	996071
411	941576
411	1278544
412	1912
412	1377213
413	5594
413	73112
414	684541
414	598343
415	665717
415	990824
416	374702
416	1347517
417	1031233
417	127221
418	64753
418	1347193
419	407708
419	1511059
420	185794
420	1622211
421	410208
421	774430
422	1370185
422	166012
423	139056
423	1140482
423	1365253
424	1669944
424	1622397
425	326186
425	977229
426	1550475
426	856646
427	763109
427	1023713
428	1224016
428	1476220
429	1327691
429	566263
430	132707
430	71524
431	1060081
431	1557156
432	60134
432	53051
433	436151
433	1577051
434	1529365
434	806284
435	17592
435	1165222
436	1172552
436	1327029
437	4590
437	391381
438	1204250
438	874093
439	108984
439	346873
440	1392435
440	910049
440	1600087
441	1222481
441	757636
441	1482919
442	1331135
442	334714
443	1016593
443	675508
444	1196758
444	1536882
445	570255
445	707165
446	1565772
446	1576801
447	1466155
447	1098692
448	318238
448	67044
449	940567
449	1579083
450	529951
450	15699
450	411814
451	635951
451	129311
452	177697
452	518960
453	792522
453	1678197
454	1000921
454	812538
455	109766
455	452525
456	303066
456	525251
456	1427520
457	528492
457	303062
458	446580
458	1480447
459	1559428
459	1485764
460	177406
460	1137763
461	1473741
461	1464095
462	103992
462	1621972
463	1051605
463	580817
464	1473073
464	66061
465	1007902
465	822565
466	1356665
466	1210688
466	515905
466	977280
466	887567
466	326538
466	1535942
466	472640
466	993068
467	1507998
467	1153832
468	611920
468	1468021
469	261769
469	940372
470	768694
470	114584
470	694489
470	864474
471	1074092
471	1261942
472	165081
472	232322
473	1159697
473	1170922
474	1082923
474	230973
475	887710
475	114630
476	165880
476	1590544
477	1222792
477	391194
478	215273
478	222947
479	1303554
479	1299633
480	1328188
480	1220291
481	798281
481	1646700
482	459009
482	731620
483	648173
483	1620763
483	1571316
483	1256732
484	701023
484	131775
484	1674981
484	1583074
484	596827
484	1398614
484	1683505
484	63155
484	1179182
484	904055
484	909120
484	46343
484	313481
484	1683664
484	1399872
484	881192
484	1151020
484	989256
484	124001
484	1055731
484	253040
485	713450
485	1046044
486	1361259
486	512386
487	805521
487	257548
488	1433112
488	1354601
489	341215
489	989577
489	1675864
489	1336857
490	607799
490	421947
490	1684528
491	741046
491	435909
492	184170
492	1674002
492	1289743
493	44993
493	231648
494	1670403
494	1628737
495	650626
495	1216260
496	264024
496	294268
497	745354
497	1289215
498	1448233
498	1676017
499	1000622
499	201484
500	703865
500	351262
501	132761
501	1027377
502	357762
502	471415
502	929960
502	410145
502	352074
502	1600815
502	317979
502	77974
503	1377247
503	420703
504	423553
504	21696
505	1284450
505	1314929
505	1512765
505	563463
506	1391889
506	117115
507	845228
507	842418
508	348820
508	210030
509	906712
509	800878
510	386172
510	1000309
511	75326
511	1624370
511	629348
512	548903
512	552377
513	499343
513	918100
514	418846
514	1546812
514	1073300
515	271309
515	1444096
516	271302
516	1513414
517	1600282
517	1523659
518	489916
518	1416833
519	1535545
519	104910
520	800396
520	94825
521	1172827
521	1476380
522	420758
522	647271
522	166447
522	1563848
522	70057
522	670189
522	660799
523	1170678
523	765446
524	71908
524	1533211
525	1504973
525	317570
526	439606
526	102619
527	207383
527	740225
527	445680
528	406596
528	977965
528	589048
528	289822
528	822437
528	92250
528	592734
528	849189
528	588388
529	652927
529	1670405
530	903321
530	656979
531	78506
531	1009874
532	162380
532	78052
533	516388
533	1156812
534	1465417
534	1137437
535	775954
535	1577420
536	1655206
536	1362093
537	336711
537	1504866
538	570907
538	807097
539	318489
539	703488
540	1645609
540	438454
541	1520517
541	463712
542	1223530
542	47022
542	687591
543	1177054
543	813178
544	318158
544	1167141
545	824896
545	424650
545	1419639
545	1137476
545	520262
545	1130910
545	267546
546	526252
546	1057484
547	925356
547	985736
548	1215664
548	1214491
549	1130208
549	1073590
550	764113
550	208043
551	880490
551	327154
552	1674727
552	933916
552	1575239
552	1225050
552	1670907
552	908739
552	580036
553	247930
553	881069
554	451042
554	113024
555	922703
555	660166
555	647695
556	1348591
556	429763
557	710592
557	1323269
558	658423
558	1323761
558	2469
559	835873
559	260619
560	678960
560	855591
561	619996
561	1273812
562	210751
562	231908
563	70264
563	1096451
564	1165527
564	10124
565	302665
565	326562
566	1331670
566	568526
566	1562506
567	561051
567	566760
567	853106
567	1575810
568	144409
568	142042
569	622316
569	740125
569	1049301
570	123344
570	555912
571	635427
571	1390630
571	917576
572	1283144
572	1511711
573	1275571
573	1687637
573	634959
573	711256
573	1566402
574	579
574	526539
574	1479971
575	128854
575	861758
576	908709
576	1688912
576	1554385
576	992092
576	432689
576	396734
576	1523962
576	1476955
576	854424
576	768344
577	496509
577	502077
578	644820
578	640127
579	204501
579	1225308
580	102477
580	751431
581	327755
581	563892
582	406466
582	987478
582	1688521
582	6557
582	127873
583	648809
583	1234583
584	535814
584	1353724
585	1224521
585	1322549
585	638563
585	1102295
585	689188
585	415036
585	221760
585	1193771
585	598155
585	1300044
586	266272
586	989192
586	1413171
587	272534
587	131212
587	533355
588	419959
588	293524
589	1393306
589	221775
590	348960
590	828710
591	862140
591	666927
591	936779
592	1465955
592	690407
593	124909
593	304459
594	1549781
594	69091
595	434378
595	1138703
595	46251
596	302789
596	1279509
597	1428426
597	1460949
597	986524
597	609703
598	329789
598	1156716
598	1362738
599	1441199
599	1600524
600	6618
600	1171646
601	4800
601	109726
601	511401
601	919758
601	862398
601	118366
601	16598
602	626722
602	983007
603	980488
603	9462
604	508996
604	1436681
605	1077756
605	48143
606	1051971
606	1461247
607	856111
607	587560
608	346165
608	931903
609	1225250
609	1419155
610	614407
610	146244
611	272184
611	562031
612	356921
612	355927
613	1064343
613	517107
614	630654
614	344278
614	1015697
614	1484174
615	395661
615	715874
616	756066
616	849256
617	111198
617	1683883
618	431560
618	360069
619	1101689
619	325439
620	352185
620	1319236
621	188409
621	940679
622	249248
622	312502
623	1434390
623	699863
624	1414467
624	777716
625	1444706
625	266863
626	61518
626	768116
626	135247
626	666450
626	1535507
626	349230
627	61511
627	346619
627	692597
628	261720
628	1561031
629	769627
629	325937
629	313845
629	872297
630	478336
630	93240
630	93258
630	98198
631	961364
631	1360494
632	181589
632	237536
633	1288568
633	830785
634	349031
634	44054
635	1398198
635	116417
636	708861
636	629952
637	1115160
637	130882
638	813219
638	750034
639	774305
639	165591
640	570580
640	947977
641	432133
641	240033
642	249357
642	1633018
643	970280
643	482909
644	177322
644	458024
644	6139
644	481480
644	817764
645	1686338
645	923769
646	1057268
646	783917
647	236147
647	582488
648	202767
648	1223481
649	1641574
649	1449933
650	1389989
650	774821
651	810165
651	1641331
651	797701
651	481765
651	128618
651	1490435
652	341384
652	1582935
652	1489297
653	1071164
653	608442
654	518911
654	1056943
655	302975
655	397638
655	1339272
655	1656231
655	428635
655	940693
655	47567
655	302937
655	694619
655	920481
655	1090596
655	170912
655	1456091
655	1549209
655	574543
655	676581
655	103433
655	171157
655	114917
655	1178184
655	1181750
655	915957
655	681013
655	448807
655	1139038
655	813041
655	1450632
655	1097641
655	1600405
655	627470
655	1491560
655	885000
655	745310
655	1426123
655	1347508
655	436470
655	231407
655	494252
655	1643410
655	1644954
655	625894
655	1519961
655	81209
655	1278220
655	1300647
655	1171324
655	1584425
655	1320654
655	103333
655	988186
655	1318132
655	1573133
656	481834
656	1017173
657	1690474
657	1569629
657	814391
658	1085196
658	1681085
658	616487
658	1487377
658	920833
658	774362
658	513049
658	1350486
658	1089653
658	70896
658	1493473
658	666871
659	1150063
659	1071325
660	78505
660	1259324
661	477210
661	532531
662	175643
662	798679
663	49669
663	187879
664	178075
664	1057558
665	562755
665	78500
666	1079110
666	419982
667	326039
667	103151
668	870773
668	301697
669	981645
669	139416
670	1464303
670	712020
671	6222
671	559349
672	1647000
672	1440174
673	1100213
673	713197
674	1105464
674	1382804
675	1548882
675	1394048
676	1010692
676	1515285
677	1252143
677	1249892
678	775483
678	231603
679	298593
679	107381
680	165909
680	646340
681	1433906
681	989216
682	1051361
682	1357452
683	370661
683	374811
683	821073
683	488805
684	1505701
684	10977
685	389677
685	1187165
686	1429074
686	1684258
687	1568090
687	310449
688	332991
688	994355
689	119524
689	343488
690	260866
690	895517
691	240957
691	62536
692	789305
692	1562192
693	377545
693	1245224
694	1151616
694	976160
694	459960
695	960847
695	671877
695	1560831
696	281714
696	197684
697	700383
697	1086351
698	570394
698	1274799
699	379258
699	1628957
700	1173403
700	1283001
701	128046
701	134711
702	326331
702	1277858
703	1600693
703	1090997
704	1589935
704	708408
704	1585298
705	427777
705	686931
706	304964
706	710781
707	1477966
707	1003660
708	450077
708	1317949
709	172997
709	1397257
709	712632
709	548527
709	1400114
709	1106327
709	707619
709	1201769
709	990974
709	630375
709	517277
709	1260112
709	1316315
709	1296725
710	557157
710	1492925
711	1439916
711	355900
712	699594
712	732552
713	325451
713	1077548
714	1260156
714	1690690
715	1052519
715	194655
716	424030
716	257718
717	886709
717	653870
718	1535823
718	1233249
719	253057
719	1283911
719	1025732
719	1520421
720	836696
720	339532
721	227132
721	1357989
722	1620731
722	777734
723	1014122
723	1048268
724	1434238
724	782473
725	666803
725	172576
726	443165
726	1080883
727	1472366
727	1515375
728	1353380
728	1050576
729	1494087
729	447935
730	599123
730	1329545
731	1664876
731	309501
732	707037
732	993126
733	53197
733	61362
734	392008
734	1685633
735	658338
735	1233088
735	1465760
735	912540
735	767310
735	537268
735	1182592
735	341767
735	1671045
735	1326732
735	314505
735	1420151
735	741664
735	72368
735	914743
735	1416143
735	597064
735	733884
735	1181115
735	114776
735	318689
735	559709
735	107505
735	606130
735	1680283
735	1051590
735	1207095
735	660258
735	978653
735	566886
735	441665
735	527184
735	853950
735	233477
735	234463
735	1563108
735	1589977
735	1462899
735	1461354
735	938518
735	326589
735	1670896
735	566275
735	62054
735	856859
735	307085
735	105980
735	118579
735	864860
735	77929
735	1670947
735	171071
735	532212
735	311815
735	1178252
735	1435440
735	633179
735	1221603
735	1261975
735	450248
735	1647133
735	849602
735	466139
735	1549269
735	625443
735	1014452
735	1524853
735	869270
735	166964
735	1640739
735	1671162
735	709385
735	571998
735	415080
735	44
735	1366878
735	203794
735	525816
735	1566310
735	392317
735	935688
735	662657
735	766145
735	531199
735	622188
735	1509356
735	1158129
735	1559809
735	1393358
735	654519
735	412801
735	411329
735	678207
735	710085
736	568251
736	1180240
737	1091299
737	126448
737	702083
737	475829
737	491493
737	665888
737	1049148
737	255174
737	399171
737	1622371
738	125185
738	835933
738	1162256
738	1321419
738	1210617
739	652551
739	247536
740	1407095
740	595913
741	1112732
741	1435523
742	656768
742	750439
743	268595
743	14082
743	80515
744	1669813
744	553033
745	735311
745	1137355
746	1372990
746	850921
747	1670757
747	1162890
748	163415
748	224551
749	168334
749	1506438
749	834554
749	349089
750	1223455
750	329156
751	2843
751	821702
752	463585
752	624286
753	62220
753	1009440
754	1363633
754	203466
755	930651
755	1550190
756	1262787
756	178013
756	1643507
757	348950
757	1024210
758	1005752
758	421308
759	345951
759	707690
760	693911
760	222973
761	814404
761	1442009
762	273956
762	1025374
763	984530
763	118798
764	1590097
764	1536327
765	1353892
765	303104
765	1006298
766	303103
766	1163822
767	1653574
767	1502515
768	1053407
768	1171972
768	709710
768	325867
768	1131039
769	207935
769	881579
770	785293
770	65996
771	673414
771	65999
772	1198289
772	519604
773	676830
773	1010649
774	582183
774	576700
775	747860
775	1085732
775	19348
775	1431066
776	876898
776	259670
776	1441140
776	1670730
776	1682319
777	1291998
777	383494
778	466662
778	606405
779	1226812
779	908648
780	65449
780	860507
780	796036
781	423278
781	671942
782	473167
782	1479670
783	800514
783	1588812
783	745285
783	1641296
783	581478
784	1229634
784	1097679
785	687807
785	486595
786	554585
786	1509542
787	1114812
787	1118205
788	809284
788	25095
789	1590940
789	1463172
790	801337
790	81947
791	337931
791	1647918
791	1208220
791	675585
791	1463639
791	1214728
792	210028
792	231100
792	1535515
793	210187
793	520512
794	826829
794	978284
795	826778
795	1243169
795	1558695
795	1365041
796	449400
796	346128
797	99410
797	883064
798	1587004
798	915594
798	330866
798	602366
798	517363
798	221004
799	852319
799	186137
799	851769
800	325002
800	690240
801	378844
801	1139362
801	254741
801	772154
801	1685265
802	1395355
802	195076
803	614736
803	326290
804	470165
804	1410255
805	648670
805	1508222
806	557130
806	918232
806	1277255
806	873658
807	582440
807	1676359
807	113858
808	516892
808	1492679
809	178247
809	233990
810	112452
810	1090526
811	202260
811	1288339
812	267999
812	1547125
813	1158371
813	437603
814	325475
814	1370832
815	1589954
815	172049
815	1137560
815	114853
815	1521155
815	1289569
815	432297
815	1262314
815	1587266
815	935692
816	931922
816	1216105
817	238680
817	848602
818	612937
818	381176
819	1520937
819	238689
820	1099227
820	1489525
821	79611
821	1497016
822	953666
822	1349165
823	177591
823	1432633
824	281375
824	1294894
824	832134
824	481620
824	1669873
824	1141743
824	1615681
824	799723
824	711490
824	875238
824	325845
824	442590
825	1161456
825	1331128
825	44300
825	797736
825	1277069
825	697855
825	1418491
825	930007
825	1507293
825	1590282
825	943490
826	241033
826	1462570
827	1051175
827	1332155
828	1017352
828	1212000
828	235106
829	125703
829	570815
829	264858
830	785944
830	787956
831	76374
831	1535988
832	778927
832	1178250
833	1468633
833	177652
833	821752
833	1356377
833	774342
834	1100954
834	832585
835	258776
835	933934
835	119482
836	489857
836	1211238
837	617112
837	1050778
838	829705
838	524201
838	1396636
839	1355489
839	239441
840	995870
840	466414
841	797339
841	81008
842	1342229
842	1388869
843	680876
843	513308
844	169805
844	694696
845	19395
845	3240
846	202635
846	1477814
846	897969
846	1242389
846	1445369
846	102997
846	1481492
846	385209
847	1627217
847	321039
848	470285
848	1579482
849	1159806
849	1199321
850	103113
850	523635
851	432663
851	1647469
852	1295332
852	1462354
853	314392
853	1500820
853	1018130
853	1334414
853	805645
853	1475284
854	136579
854	563704
854	573291
855	981778
855	1226553
856	1262988
856	1429594
857	234621
857	1024604
857	44800
858	177924
858	473520
859	1412953
859	1286223
859	1367161
859	114783
859	684984
859	510599
859	906859
859	19320
859	1082660
859	565363
859	1247262
859	228429
859	1283542
859	1159002
859	908180
859	1329114
859	1411016
859	671119
859	798440
859	855359
859	1407092
859	114708
859	661274
859	1535755
859	208723
859	871725
859	786133
859	1354005
859	845179
859	1481173
859	594762
859	667950
859	1672037
859	125765
859	1053727
859	1482712
859	1276169
859	109204
859	597778
859	519737
859	1489851
859	1091307
859	1018412
859	709915
859	1355962
859	1688392
859	943404
859	516627
859	206829
859	1372406
859	1315507
859	269087
859	1673963
860	686628
860	928449
861	598735
861	344362
861	680896
861	868786
861	878294
861	1649147
862	424200
862	1487512
863	624484
863	1076295
864	177887
864	114719
864	1287069
865	19635
865	907366
866	742768
866	1397335
866	170869
866	514578
866	336205
866	1260355
867	3490
867	8120
868	508640
868	1474085
869	987805
869	230441
869	613353
869	1418771
869	997872
870	648637
870	1037025
870	1192868
870	1125823
870	932290
870	1132153
870	135648
870	171291
870	1197535
870	1193583
871	1303249
871	980164
872	1679659
872	472016
873	344576
873	177953
874	643702
874	455505
875	636780
875	42978
876	772648
876	349108
877	1563351
877	601795
878	349193
878	1561106
879	1018870
879	936366
880	426123
880	1426335
880	1436104
880	630088
880	1315687
880	986911
880	1370330
880	1218137
880	34392
880	616068
880	616011
880	976417
880	1429822
880	441985
880	535066
880	1587555
880	345268
880	1352481
880	1222719
880	690345
880	1285776
880	1439209
880	345703
880	1017887
880	1427889
880	1027115
880	45811
880	269061
880	298569
880	942697
880	1399026
880	1491048
880	524190
880	772695
880	992825
881	112478
881	1140499
882	749628
882	1516787
882	119367
882	804749
882	665199
882	855585
882	568266
883	326378
883	1440923
883	1091311
883	1413414
884	1224569
884	864957
885	472870
885	172492
886	1171059
886	1065795
887	114525
887	601030
888	1396057
888	872091
889	120694
889	387721
890	308415
890	977673
890	1376540
891	256501
891	1435342
892	195637
892	707517
893	1100687
893	1315538
894	581801
894	1677170
895	1336627
895	262699
896	326712
896	1490700
896	1556568
896	940332
897	205669
897	1013281
897	658491
898	1507880
898	1523247
899	200830
899	378925
900	1098617
900	1670047
900	1023517
900	413522
900	1491321
900	1165569
900	126496
901	422154
901	624633
901	177710
902	325259
902	672298
903	902872
903	1021723
904	1277333
904	178949
905	1671811
905	348884
906	905662
906	1398485
907	344197
907	742468
908	618445
908	795464
909	1537875
909	1627108
910	1255352
910	317324
911	805945
911	317321
912	1279570
912	750141
912	1050655
912	220961
912	1564510
912	1692013
912	621031
912	1098416
912	651401
912	1688871
912	472070
912	126896
912	413353
912	1005138
912	930828
912	323116
912	185375
912	1167025
913	479169
913	641838
914	1137735
914	583188
915	1441131
915	470554
916	44178
916	855231
917	1151934
917	663340
918	640539
918	591157
919	1590304
919	1140634
920	1555205
920	620410
921	178635
921	745089
922	1052318
922	44397
922	1682955
923	601
923	856531
923	1116
924	671324
924	239786
925	621323
925	1372488
926	631260
926	15578
926	925375
927	1461120
927	1434017
928	66108
928	690898
929	430680
929	936641
930	256990
930	1672698
931	706206
931	743871
932	674654
932	1670466
933	359085
933	361342
934	684935
934	1293841
935	578502
935	114774
936	1226952
936	1586225
937	329858
937	583425
938	909408
938	260113
938	1069020
938	882365
938	1487650
938	919951
938	1322712
938	238556
939	181880
939	1208613
940	1157633
940	1463947
940	613063
940	326265
940	743983
940	1097120
940	1376415
940	1489376
940	183827
940	386765
940	927559
941	417284
941	260598
941	657579
941	409403
942	345346
942	1582078
943	1223617
943	252722
944	487375
944	228057
944	1096327
944	116585
944	1517137
944	263567
944	797268
944	632012
944	1572341
944	1286386
944	121026
944	1673225
944	62449
944	552865
944	1008075
944	1002024
944	326383
944	41983
944	932730
944	903079
944	560482
944	239072
944	570294
944	1643247
944	561539
944	1576528
944	462349
944	1421083
944	103311
944	934830
944	192662
944	69548
944	104419
944	1512868
944	387576
944	1397170
944	1095240
944	1291792
944	1356048
944	1600055
944	912038
944	1571165
944	1223541
944	260420
944	1415146
944	1249182
944	456723
944	559926
944	328603
944	348495
944	1014649
944	180466
944	711056
944	1004063
944	447034
944	412503
944	1170679
944	325763
944	780522
944	860636
944	1689663
944	166152
944	124325
944	451278
944	981241
944	426219
944	1175571
944	1223411
944	1177270
944	789106
944	940236
944	1472833
944	81322
944	580627
944	677243
944	1078285
944	80114
945	709802
945	1468837
946	233845
946	469958
947	42221
947	1685507
948	914412
948	1096971
949	203462
949	1008047
950	1037341
950	463108
950	446818
950	797904
950	493905
950	236002
950	1554072
951	535539
951	675482
952	778260
952	9247
952	315899
952	1352140
952	321317
952	10242
952	1421183
952	1176119
953	24014
953	1178200
954	1069687
954	607221
955	231496
955	1365139
955	1689326
955	992314
956	372493
956	506699
957	452337
957	384658
958	467207
958	1361418
959	1181803
959	229128
960	1486811
960	1581702
961	730096
961	1012471
962	303281
962	349166
963	822299
963	989743
964	635609
964	1137121
965	177557
965	1376831
966	1073225
966	1005260
966	741371
967	127890
967	569144
968	830329
968	220520
969	231370
969	933076
969	73213
969	266587
969	435225
970	901556
970	1424591
971	1361103
971	124848
972	261360
972	653002
973	232355
973	563199
973	117238
974	1156640
974	1389573
975	1514052
975	1156646
976	620679
976	172110
977	669493
977	751426
978	1561987
978	266233
978	72438
978	1173687
978	1318957
979	672898
979	980572
980	580497
980	1037843
981	1482842
981	596193
982	478546
982	837406
983	1371456
983	1480276
984	1675048
984	493566
985	612680
985	926114
986	612683
986	1420257
987	769896
987	1093163
988	364083
988	1000112
989	263666
989	681904
990	853980
990	856221
991	1204837
991	932949
992	1247768
992	1577779
993	615080
993	174512
994	584285
994	1407874
995	507486
995	1427557
995	798168
996	1269440
996	1273825
997	1005610
997	434784
998	73546
998	1023662
998	346811
998	326845
998	165465
998	1520599
999	1588229
999	1209159
1000	204978
1000	533450
1001	1057261
1001	624849
1002	104300
1002	857478
1003	1448323
1003	885479
1004	897532
1004	960018
1005	1685546
1005	775333
1005	354731
1005	377227
1005	653646
1005	1655812
1005	220925
1005	238338
1005	1578352
1005	494305
1005	1295316
1005	244169
1005	511090
1005	1093437
1005	983332
1006	1133771
1006	1288216
1007	579892
1007	953766
1008	1630312
1008	1084987
1009	1348118
1009	874657
1010	788181
1010	394081
1011	393588
1011	1573161
1012	42711
1012	1476320
1013	321517
1013	859053
1014	1420778
1014	321513
1014	932244
1014	1069016
1014	380815
1015	1349589
1015	532182
1016	1022482
1016	1600034
1016	267220
1016	329727
1016	693253
1017	478152
1017	1597376
1018	9594
1018	1091116
1019	676525
1019	848782
1020	418190
1020	528148
1021	1368283
1021	1685470
1022	860108
1022	227170
1023	102072
1023	670922
1024	557789
1024	1001951
1025	1630657
1025	1222640
1026	1555036
1026	1684666
1027	223426
1027	1295237
1028	1558173
1028	1003001
1029	1225349
1029	1568222
1030	571895
1030	114976
1030	1600445
1030	669726
1030	1573134
1031	385104
1031	827803
1032	1417503
1032	1577001
1032	1075946
1032	1090978
1032	868692
1032	1521759
1032	565604
1033	451826
1033	606238
1033	1327246
1033	68287
1034	1116532
1034	617462
1035	517704
1035	1563923
1036	326325
1036	1335817
1037	830939
1037	1398383
1038	304276
1038	880787
1039	82008
1039	396686
1040	1685330
1040	326069
1041	876276
1041	633420
1042	393060
1042	588296
1043	1612889
1043	1135796
1044	1521553
1044	852020
1045	392880
1045	1268212
1045	1271952
1046	1329726
1046	1461000
1047	409330
1047	798438
1048	802177
1048	1326787
1049	1051264
1049	1583752
1050	889826
1050	2471
1051	187808
1051	869161
1052	104532
1052	307346
1053	206520
1053	768854
1054	1038962
1054	445448
1054	427877
1054	1340147
1055	708424
1055	21960
1055	635044
1055	1588868
1055	651086
1055	831358
1055	173687
1055	867499
1055	240026
1055	1583652
1055	1367269
1055	766936
1055	862516
1055	558263
1055	666295
1055	44140
1055	1378305
1055	428810
1055	1359569
1055	857699
1055	112639
1055	737104
1055	621862
1055	603993
1055	558173
1055	1277376
1055	265100
1055	1227525
1055	1057953
1056	1676889
1056	524969
1057	749228
1057	42381
1058	326220
1058	1683485
1059	1178169
1059	1604312
1060	1074210
1060	741132
1061	765477
1061	744329
1062	685826
1062	1562439
1063	440231
1063	739312
1064	138148
1064	628769
1065	431077
1065	823986
1065	993861
1065	1511788
1065	1228363
1065	1506604
1065	94666
1065	598907
1066	1426653
1066	1372570
1066	470737
1066	1513690
1066	849611
1067	1685886
1067	691898
1068	184963
1068	76316
1069	811476
1069	534711
1069	693645
1070	112518
1070	176094
1070	1480081
1071	221540
1071	1070242
1072	869653
1072	122433
1073	1482103
1073	346089
1074	766521
1074	427122
1075	384997
1075	861534
1076	1622606
1076	268581
1076	1372204
1076	817142
1077	980852
1077	255465
1077	1628097
1078	803418
1078	1017483
1079	253152
1079	564948
1079	564390
1080	478063
1080	15750
1081	1571132
1081	1003494
1082	395507
1082	1433297
1083	1260704
1083	473911
1084	326212
1084	114913
1085	1068416
1085	9840
1086	1547208
1086	263594
1087	1286381
1087	697639
1088	1640167
1088	1587294
1089	1178429
1089	1218967
1089	1371243
1090	1164988
1090	625629
1091	1628882
1091	72340
1092	684206
1092	1437904
1093	1070292
1093	1650797
1093	1162054
1094	1410610
1094	1155187
1095	1598202
1095	869096
1096	1090976
1096	741832
1097	819835
1097	303091
1098	1470975
1098	1417502
1098	906957
1098	750631
1098	397091
1098	616803
1098	855571
1098	1170999
1098	996532
1098	518121
1098	123258
1098	1568742
1098	702962
1098	177482
1098	480466
1098	627453
1098	43764
1098	1215225
1098	880770
1098	1317974
1098	436578
1098	1229984
1098	258475
1098	692690
1098	1090495
1098	165764
1098	1479203
1098	1439968
1098	848290
1098	851068
1098	386996
1098	1145784
1098	303098
1098	1081573
1099	304044
1099	309043
1100	1116028
1100	1608680
1101	314272
1101	945570
1102	1572590
1102	1246506
1103	878152
1103	1264820
1104	520946
1104	1024474
1104	24052
1104	601522
1104	1232066
1105	693320
1105	1670386
1106	1230277
1106	676449
1106	1332440
1107	657088
1107	1475489
1108	9798
1108	316659
1109	838841
1109	210100
1109	1383267
1109	852345
1109	350847
1109	1437281
1109	1600187
1110	1055237
1110	1642968
1111	628815
1111	1398858
1112	1563625
1112	9201
1113	727187
1113	858258
1114	491752
1114	774250
1115	355210
1115	56660
1115	849926
1115	377996
1115	348817
1115	54853
1115	728744
1115	1373908
1115	54144
1116	1478273
1116	1290418
1117	785809
1117	561415
1118	1669874
1118	906860
1119	1626938
1119	590229
1120	1409864
1120	436967
1121	1223837
1121	1178969
1121	1352645
1121	734112
1121	414798
1121	336024
1121	179333
1121	335144
1122	1584465
1122	944264
1123	1227119
1123	381319
1124	320467
1124	168703
1125	649503
1125	821168
1125	739914
1125	20199
1125	1294166
1125	270051
1126	114377
1126	30442
1127	1011111
1127	1486362
1128	505370
1128	178135
1129	17876
1129	1154326
1130	566982
1130	391232
1131	183275
1131	784715
1132	882476
1132	828201
1133	572703
1133	188264
1134	89428
1134	1097167
1135	361800
1135	366469
1136	1584924
1136	1053423
1136	700573
1136	1136969
1136	748408
1136	747086
1137	1223186
1137	1168789
1138	1597148
1138	1599417
1139	1205833
1139	733897
1140	177518
1140	303132
1141	1255163
1141	166644
1142	608994
1142	231724
1143	921052
1143	1099913
1144	1121258
1144	325706
1144	1687874
1144	1377612
1144	1356837
1144	1120538
1145	1214078
1145	1525381
1146	1489451
1146	170426
1147	1673951
1147	925223
1148	1077813
1148	293500
1149	1173658
1149	1081477
1150	330917
1150	475404
1150	876553
1150	801709
1150	1024255
1150	1150720
1150	1218445
1151	740538
1151	1211698
1152	837373
1152	784724
1152	918445
1152	1208433
1152	416518
1152	338280
1152	1099375
1153	134046
1153	1315708
1154	184556
1154	980374
1155	493587
1155	1076550
1156	627631
1156	209472
1156	121149
1156	410699
1157	1275347
1157	771950
1158	852955
1158	1324340
1159	1364692
1159	270485
1160	1334417
1160	688238
1161	52669
1161	155552
1162	146322
1162	394065
1163	70280
1163	1469135
1164	506807
1164	668093
1165	95656
1165	607769
1165	399340
1165	1082537
1165	1124706
1165	557796
1165	574867
1165	277644
1165	341781
1165	1130243
1165	1343183
1165	532447
1165	301852
1165	709492
1165	804178
1165	324334
1165	853068
1165	1126464
1165	1130100
1165	417908
1166	630186
1166	1690538
1166	494051
1166	465817
1167	1553878
1167	398556
1168	1454811
1168	1455290
1169	321304
1169	332514
1170	1015898
1170	1284664
1170	1331843
1170	1180553
1170	1606530
1170	654901
1170	1071412
1171	1225066
1171	1462976
1172	974353
1172	914316
1173	199506
1173	1622449
1173	1015408
1173	1340659
1173	1087003
1173	640266
1174	1090701
1174	1361920
1175	123583
1175	490368
1176	1284598
1176	1670462
1176	376408
1177	333486
1177	879239
1178	1090692
1178	849998
1179	1025044
1179	1360121
1180	119245
1180	1013947
1180	486823
1181	875978
1181	1295814
1182	157276
1182	738963
1183	1101099
1183	1648861
1184	863506
1184	752087
1185	1588840
1185	934196
1186	1070923
1186	457953
1187	1193797
1187	1195848
1188	553281
1188	860840
1189	774525
1189	744948
1190	1023465
1190	464398
1191	383430
1191	391980
1192	165413
1192	924900
1193	472224
1193	855916
1194	1542098
1194	1471184
1195	681614
1195	693098
1196	1574929
1196	1288707
1196	392390
1197	474946
1197	692713
1198	1133195
1198	51703
1198	1027538
1199	1479668
1199	1563066
1200	1436270
1200	880764
1201	932232
1201	1670866
1202	732245
1202	1301539
1203	1219832
1203	1513648
1204	182468
1204	1231980
1205	916376
1205	259031
1206	1374909
1206	221918
1207	737742
1207	1096661
1207	1571221
1208	1317117
1208	62833
1209	1490252
1209	742899
1210	604361
1210	1197681
1211	575052
1211	1460901
1212	1090955
1212	1219798
1213	919147
1213	134407
1213	1261532
1214	621977
1214	695981
1215	1507207
1215	1488403
1216	1166556
1216	555848
1216	1592222
1216	1388006
1217	102703
1217	632194
1218	123978
1218	1003761
1219	258608
1219	1552845
1220	981920
1220	1470227
1221	528166
1221	1249956
1222	1182285
1222	1158326
1223	1673560
1223	837733
1224	429204
1224	1471408
1225	630135
1225	331092
1226	1332840
1226	67647
1227	1612023
1227	1612311
1228	1420777
1228	555139
1229	826353
1229	1085983
1230	325945
1230	853663
1230	382168
1230	1277977
1231	1163556
1231	879229
1232	951106
1232	301848
1233	1358346
1233	1086074
1234	691895
1234	507058
1235	1490669
1235	178113
1236	1277620
1236	392445
1236	114781
1236	1370739
1237	85612
1237	641751
1238	1670263
1238	177823
1239	480786
1239	556295
1239	1207259
1239	708933
1239	221369
1239	1285930
1239	907808
1239	1340456
1239	8825
1239	867894
1239	1306756
1240	1600383
1240	326786
1240	224799
1241	1329279
1241	1518506
1242	927995
1242	103941
1242	1221448
1242	1210758
1243	223219
1243	690924
1244	1152689
1244	420029
1245	1394507
1245	1690189
1246	1219424
1246	110481
1246	1466077
1246	1515124
1246	589127
1247	641771
1247	214257
1248	489562
1248	555457
1249	119460
1249	524658
1250	398942
1250	1670624
1250	603508
1250	889863
1250	1420539
1250	1223192
1250	410591
1250	485760
1250	924978
1250	1203423
1250	1569847
1250	1177050
1250	233174
1250	472895
1251	1213604
1251	228056
1251	312535
1251	1579134
1252	75721
1252	1176817
1253	629285
1253	224932
1254	953922
1254	951093
1255	240327
1255	1628602
1256	102934
1256	325662
1257	146309
1257	169193
1258	1085194
1258	490637
1259	771878
1259	986885
1260	1677161
1260	204067
1260	1691904
1260	1174680
1260	784306
1260	1571162
1260	510298
1261	1078251
1261	1551110
1261	990685
1262	855993
1262	1511975
1263	1554431
1263	1006793
1264	1209780
1264	265646
1265	870172
1265	1487738
1266	766801
1266	781313
1267	918272
1267	564527
1268	520160
1268	1426241
1269	303565
1269	952284
1269	1209790
1269	203686
1269	63205
1269	1053989
1269	1586568
1269	1137768
1269	1057258
1269	1677162
1269	63952
1269	553998
1269	1414718
1269	179939
1269	1077527
1269	1525600
1270	210282
1270	1290623
1271	568253
1271	1090803
1271	1037946
1272	596939
1272	1334550
1273	111055
1273	1227712
1274	334169
1274	931356
1275	1374910
1275	663285
1275	853769
1275	491082
1275	671063
1276	1156943
1276	1499304
1277	1355825
1277	1630118
1278	606469
1278	809876
1279	1175115
1279	83120
1279	1232594
1280	1206132
1280	363877
1280	584347
1280	1682574
1281	28367
1281	719525
1282	282257
1282	1634169
1283	912920
1283	1132011
1283	21270
1284	174516
1284	12871
1285	1217824
1285	1051038
1286	408970
1286	830411
1286	803871
1286	410676
1286	1210995
1286	332408
1287	1121921
1287	1126766
1288	320122
1288	136337
1288	905512
1288	1628983
1288	1026917
1289	11577
1289	1079962
1290	1650228
1290	783664
1291	830629
1291	1070610
1292	6781
1292	226602
1292	827281
1292	1378014
1293	868860
1293	323205
1294	82989
1294	1260937
1295	1047968
1295	1085826
1296	1057343
1296	1644161
1297	231073
1297	341389
1298	69985
1298	1663149
1299	396282
1299	1650623
1300	661375
1300	999453
1301	1680615
1301	1163595
1302	622366
1302	1395802
1303	1437704
1303	1507784
1304	1000206
1304	341649
1305	261207
1305	419974
1306	983859
1306	1088279
1307	270056
1307	1464285
1308	1163002
1308	426772
1309	650484
1309	1170898
1310	520696
1310	1072431
1311	327233
1311	1016122
1311	1175871
1312	1091122
1312	102541
1313	1163840
1313	1586522
1314	1221023
1314	1611460
1315	479228
1315	924054
1315	696481
1316	779246
1316	1466170
1317	71291
1317	1362089
1318	82380
1318	62890
1319	232035
1319	338753
1320	123469
1320	69899
1320	1575999
1320	708248
1320	220290
1321	703301
1321	1098529
1322	44430
1322	1563661
1323	883428
1323	1565693
1324	876735
1324	1294862
1324	992942
1325	433673
1325	663364
1326	314159
1326	904393
1326	132904
1326	179880
1326	1139319
1326	631971
1326	1076450
1326	1462326
1326	269057
1326	1051988
1326	1140340
1326	1255940
1326	109987
1326	232214
1326	848686
1326	1160916
1326	518512
1326	1260414
1326	349262
1326	1331533
1327	687940
1327	808772
1328	238647
1328	1058596
1329	238649
1329	1218307
1330	1010755
1330	1306576
1331	1125437
1331	126679
1332	1463610
1332	528878
1333	656365
1333	1426058
1334	732412
1334	879766
1335	984344
1335	1440407
1335	572099
1336	834660
1336	536367
1337	536360
1337	658429
1338	110205
1338	1621584
1339	856283
1339	1512596
1340	861654
1340	173831
1341	248849
1341	244682
1342	380538
1342	602772
1343	985656
1343	210082
1344	1413245
1344	1092033
1345	509657
1345	646560
1346	177384
1346	1556365
1347	1037343
1347	24689
1347	298153
1347	1462910
1347	1320377
1347	555190
1347	1515287
1347	236583
1347	512573
1347	408998
1347	299232
1347	933999
1347	1221228
1348	473518
1348	630728
1349	936004
1349	1547314
1350	798444
1350	380127
1351	941147
1351	769818
1352	1550
1352	823576
1353	1418690
1353	1426696
1354	607867
1354	620000
1355	664097
1355	556055
1356	1654268
1356	1658691
1357	258030
1357	552717
1357	604841
1358	1292314
1358	1333077
1359	886668
1359	1208387
1360	326722
1360	319211
1360	1013621
1361	434038
1361	692715
1362	1136364
1362	88919
1363	306516
1363	1409422
1364	1360314
1364	1243225
1365	886400
1365	325480
1366	566634
1366	1219603
1367	989814
1367	721838
1368	833736
1368	849220
1369	1328234
1369	1055787
1370	306576
1370	1325022
1371	1684565
1371	1058185
1372	513242
1372	114567
1372	381963
1373	1681102
1373	1324263
1374	165811
1374	383453
1375	474097
1375	1668413
1376	1590287
1376	392860
1376	1589985
1376	469996
1376	40550
1376	1648341
1376	685786
1376	743571
1376	1391061
1376	800776
1376	1578870
1376	1304890
1377	592379
1377	690267
1378	858407
1378	1532316
1378	1026510
1378	536640
1378	1681801
1378	102695
1378	1279296
1378	1007229
1379	75887
1379	661055
1379	303195
1380	436770
1380	1341803
1381	1130833
1381	1049537
1382	310293
1382	1155540
1383	344897
1383	420371
1384	1099897
1384	1313446
1384	1423810
1384	868047
1384	418917
1385	781090
1385	1392802
1386	17178
1386	1075588
1387	1164731
1387	752200
1388	865472
1388	1468061
1388	102838
1388	1525710
1388	414588
1388	929850
1388	1521736
1388	932401
1388	1335052
1388	668689
1388	559327
1388	80616
1388	1208540
1388	868629
1388	326229
1388	813299
1388	1318190
1388	784100
1389	1165020
1389	1131718
1390	1199075
1390	1024271
1391	746333
1391	1015630
1391	1093296
1391	622103
1391	611533
1391	1348123
1392	823452
1392	1087716
1392	1411480
1392	223693
1393	660729
1393	659755
1394	303365
1394	1206179
1395	857498
1395	1113276
1396	1638641
1396	1170915
1397	1535766
1397	983619
1398	1215059
1398	1629001
1399	1166475
1399	1317764
1400	177868
1400	334576
1401	1671286
1401	31486
1402	1016045
1402	1482481
1402	437915
1403	319023
1403	1135372
1404	630972
1404	375005
1405	697884
1405	1435551
1406	1683927
1406	435040
1407	381778
1407	556032
1407	674369
1408	221182
1408	1554607
1408	1318461
1409	177287
1409	877060
1410	1355479
1410	1288820
1411	409916
1411	1361615
1412	982592
1412	118769
1412	383182
1412	1224233
1413	124455
1413	1463550
1413	121960
1414	883972
1414	295458
1415	423466
1415	744474
1416	1493961
1416	562061
1416	931678
1417	999757
1417	1487819
1417	777507
1417	1469036
1417	1016215
1417	576420
1417	810726
1417	528877
1417	852086
1417	1057090
1417	427803
1417	1165134
1417	1179190
1417	1232552
1417	635778
1417	210352
1417	1076213
1417	1255398
1417	926296
1417	1254866
1417	216875
1417	1097302
1417	388764
1417	920976
1417	780675
1417	611770
1417	1689594
1417	1434202
1417	634354
1417	665711
1417	254505
1417	672487
1417	861401
1417	486730
1417	687680
1417	1374215
1417	619274
1417	1398265
1417	1590394
1417	916476
1417	870730
1417	1016938
1417	207644
1417	1518298
1417	1582016
1417	477308
1417	1224144
1417	631018
1417	1137963
1417	44416
1417	1098107
1417	1424609
1417	844429
1417	926789
1417	125031
1417	598751
1417	820567
1417	1318166
1417	1212546
1417	317201
1417	546889
1417	1222076
1417	936656
1417	360446
1417	1576094
1417	1396766
1417	574240
1417	1020188
1417	904083
1417	1416187
1417	1333189
1417	978321
1417	227162
1417	178200
1417	207621
1417	799886
1417	1100768
1417	489188
1417	1005490
1417	89112
1417	781649
1417	1162432
1417	380484
1417	1687950
1417	736728
1417	110829
1417	661791
1417	1491507
1417	883124
1417	905332
1417	1532140
1417	593096
1417	1408100
1417	1347630
1417	348947
1417	1535909
1417	1680432
1417	1552721
1417	677097
1417	997635
1417	1070178
1417	1301288
1418	1461277
1418	304637
1419	80155
1419	117173
1420	629711
1420	1525249
1421	460520
1421	1635889
1422	1670059
1422	173900
1423	726429
1423	378991
1423	1592350
1424	1517265
1424	1441385
1425	1525346
1425	806183
1426	337899
1426	605963
1427	766230
1427	583146
1428	901046
1428	895539
1429	786834
1429	787693
1430	1000826
1430	1600411
1431	1674151
1431	1677840
1431	315907
1432	1599848
1432	1683792
1433	179490
1433	1166208
1434	114888
1434	396555
1435	337470
1435	391826
1435	573534
1436	1692043
1436	1554409
1437	252187
1437	667477
1438	1157391
1438	337783
1439	882037
1439	980417
1440	812219
1440	866702
1441	72691
1441	1077792
1442	165787
1442	1536481
1443	225965
1443	707856
1444	1671075
1444	231150
1444	1098420
1444	1367793
1445	1587076
1445	940338
1446	1264872
1446	1273483
1447	476118
1447	1516127
1448	784399
1448	1378848
1449	464262
1449	468663
1449	871581
1450	1027221
1450	1295773
1450	120176
1450	1315378
1450	1068939
1451	700639
1451	302911
1451	1584419
1451	261247
1452	431819
1452	673487
1452	933927
1452	933894
1452	134335
1452	1091336
1452	455156
1452	1226727
1453	1003083
1453	909591
1454	452427
1454	862732
1455	524840
1455	68126
1456	134590
1456	710635
1457	635311
1457	1692342
1457	177538
1457	773696
1457	424040
1457	1232260
1457	1646879
1457	438862
1457	527851
1457	1165148
1457	1101010
1457	1645929
1457	256247
1457	419542
1457	1170792
1457	1369772
1457	235926
1458	660068
1458	66619
1459	1471998
1459	516141
1460	1158904
1460	133318
1461	1461384
1461	1096541
1462	691816
1462	1627027
1463	1179113
1463	46604
1463	1234094
1463	1410490
1463	1324619
1463	943302
1463	1014446
1463	763547
1463	867198
1463	1090828
1463	180295
1463	141751
1463	557835
1463	668005
1463	241616
1463	528284
1463	921674
1463	1569892
1463	100081
1463	561565
1463	29186
1463	911946
1463	192691
1463	1069664
1463	830734
1463	426201
1463	1055563
1463	1211671
1463	1174142
1463	136603
1464	781609
1464	1507312
1465	67159
1465	708948
1466	1347143
1466	1408927
1466	1438807
1467	569409
1467	692640
1468	1353887
1468	940128
1469	179808
1469	431632
1470	769985
1470	305637
1471	1095169
1471	1516338
1472	1216837
1472	230702
1473	1256518
1473	1413502
1474	1270340
1474	1580465
1475	1161956
1475	1292901
1476	435950
1476	430234
1477	681089
1477	1216554
1478	1358666
1478	1364672
1479	1369158
1479	114691
1479	111592
1480	1223137
1480	421284
1481	414407
1481	564920
1482	114413
1482	1489750
1483	1553391
1483	1181029
1484	220077
1484	430576
1485	1090887
1485	978753
1486	624632
1486	103251
1487	1178136
1487	664401
1487	340496
1488	181184
1488	784449
1489	65787
1489	178342
1490	260323
1490	1266360
1491	492835
1491	1520782
1492	1408537
1492	821393
1493	276917
1493	411806
1494	396819
1494	562767
1494	750131
1494	210042
1494	467098
1494	515736
1494	1621281
1495	1522004
1495	75025
1496	661294
1496	14440
1496	873958
1497	1027904
1497	441219
1497	1279474
1498	1360550
1498	1508082
1499	1535723
1499	1139846
1500	697029
1500	325658
1501	1556818
1501	254561
1501	1658653
1502	475245
1502	939991
1502	1168673
1503	1212335
1503	708231
1504	184912
1504	834680
1505	658144
1505	1258723
1506	694946
1506	438024
1507	71952
1507	1275311
1508	925084
1508	1028857
1508	1650143
1508	1436553
1508	1265755
1508	1393406
1508	659895
1508	559835
1508	954922
1508	1150296
1508	865102
1508	1210278
1508	766327
1508	1005605
1508	849563
1508	1147159
1508	489175
1508	1096142
1508	981311
1508	1522995
1508	1091426
1508	1364247
1509	517089
1509	775179
1510	475222
1510	275290
1511	1225510
1511	1590
1512	1574622
1512	1362703
1513	675499
1513	1590086
1514	1113335
1514	1119545
1515	175714
1515	607462
1516	612753
1516	1261425
1517	1369868
1517	1367670
1518	1626156
1518	111927
1519	326240
1519	1075951
1520	1279361
1520	737685
1521	979380
1521	1304125
1522	1421654
1522	212414
1523	1100052
1523	1153996
1524	174446
1524	1668702
1525	3922
1525	1675539
1525	420058
1525	177643
1526	842143
1526	1569965
1527	226046
1527	111430
1528	1022568
1528	1466470
1528	1630713
1529	1284570
1529	977254
1530	937553
1530	346847
1531	452393
1531	770635
1532	50441
1532	1484656
1533	1649419
1533	1270566
1534	165853
1534	1354332
1535	556656
1535	1122230
1536	1056988
1536	1670646
1537	102528
1537	102615
1538	255325
1538	1585754
1539	1319834
1539	1508588
1540	1325959
1540	781851
1541	574981
1541	1378072
1542	1129880
1542	1530720
1543	325289
1543	797827
1544	321276
1544	44555
1544	1372852
1544	437402
1544	737837
1544	1440164
1544	1289205
1544	1670266
1544	560913
1545	605854
1545	981545
1545	1069901
1545	1558805
1545	1280217
1546	1670374
1546	477466
1547	472611
1547	446991
1548	390747
1548	490408
1549	802039
1549	691524
1550	33779
1550	39751
1551	325638
1551	556535
1552	1124520
1552	673936
1553	1650049
1553	61452
1554	1508608
1554	1028044
1554	1010860
1555	836728
1555	341168
1555	1431859
1555	341821
1556	902165
1556	1796
1557	1152099
1557	133842
1558	114387
1558	324956
1559	564169
1559	995968
1560	556137
1560	937282
1561	425343
1561	627170
1562	608089
1562	570092
1563	326362
1563	1461335
1564	1295747
1564	887873
1564	1314512
1564	424209
1564	107451
1564	1001083
1564	525180
1564	103280
1564	462809
1564	830282
1564	1536480
1564	1326389
1565	1461339
1565	1581058
1565	910530
1566	611231
1566	533150
1567	103281
1567	1090552
1567	165744
1568	303198
1568	782586
1569	1138903
1569	973961
1570	397367
1570	554324
1571	1387255
1571	1384574
1572	811680
1572	1210118
1573	1393829
1573	1439061
1574	867846
1574	941493
1574	981470
1574	1473875
1574	321099
1574	992181
1574	600664
1574	79066
1575	1287021
1575	428703
1576	668253
1576	1156303
1577	514512
1577	639288
1578	857461
1578	988893
1579	1021433
1579	676460
1580	404170
1580	1617634
1581	1461305
1581	591497
1581	1015132
1581	57569
1582	810494
1582	1215680
1583	917509
1583	535431
1584	451799
1584	1334238
1584	231205
1584	1169199
1585	1512392
1585	669257
1586	654651
1586	992273
1587	80088
1587	91130
1588	1640991
1588	169826
1589	251657
1589	1523867
1590	1294134
1590	305102
1591	821662
1591	935712
1592	1535693
1592	944453
1593	321275
1593	437760
1593	1627680
1594	1399666
1594	1028054
1595	646214
1595	644389
1596	1443745
1596	674102
1597	1016599
1597	1307440
1598	18652
1598	975002
1599	744999
1599	324739
1600	175732
1600	932812
1601	1240070
1601	1234725
1602	652978
1602	1214645
1602	910366
1603	1152239
1603	1050110
1604	1098357
1604	1231871
1605	1080990
1605	1159077
1606	1652638
1606	1684973
1607	1135110
1607	239348
1608	115971
1608	1296185
1609	326679
1609	384086
1610	134297
1610	738316
1610	653511
1610	1545975
1611	56425
1611	58173
1612	1618199
1612	1618875
1613	934536
1613	1187512
1614	1623461
1614	1018880
1615	1460016
1615	1451560
1616	1217112
1616	1364975
1616	1671610
1616	44243
1616	1254980
1616	1023942
1616	648922
1616	1170916
1616	677436
1616	684097
1616	1674060
1616	118194
1616	234442
1616	1167342
1616	302647
1616	240521
1616	303246
1616	1519156
1616	23110
1616	1596340
1616	770406
1616	1493034
1616	1348007
1616	427301
1616	851530
1616	692169
1616	1572180
1616	1479501
1616	824414
1616	346493
1616	1094085
1616	58278
1616	463168
1616	1518427
1616	271923
1616	619297
1616	1138386
1616	140823
1616	346471
1616	1683993
1616	391482
1616	1064361
1616	753516
1617	418043
1617	308990
1618	1688888
1618	14874
1618	1370940
1618	1091298
1618	677532
1618	178098
1618	202219
1618	321056
1618	116992
1618	651969
1618	1349350
1618	1485503
1619	683363
1619	997564
1620	1088252
1620	165522
1621	20461
1621	693567
1622	1600283
1622	429737
1622	679772
1623	597743
1623	1525263
1624	1396848
1624	125490
1625	694039
1625	1518485
1626	265058
1626	1519888
1627	772914
1627	1016759
1627	1646139
1628	523988
1628	1008162
1629	412276
1629	203530
1630	798046
1630	1286025
1631	509420
1631	635220
1632	1514023
1632	833110
1632	1149694
1633	930622
1633	1513092
1634	690919
1634	1075175
1634	863502
1635	1025160
1635	1054527
1636	771484
1636	1292212
1636	871186
1636	1016454
1636	1059269
1637	777609
1637	208021
1638	768314
1638	919152
1639	1670601
1639	437203
1639	1084701
1639	1209761
1640	1071011
1640	309935
1641	381791
1641	1437551
1642	1602080
1642	1607424
1643	462068
1643	457711
1644	135468
1644	643668
1645	1226527
1645	1377067
1646	682437
1646	448657
1646	340778
1646	1355125
1647	577537
1647	1291696
1648	19043
1648	636120
1649	347609
1649	1493669
1650	877062
1650	381134
1650	833386
1650	1327242
1651	595669
1651	1450371
1652	177996
1652	1052008
1652	507681
1652	744994
1653	326448
1653	833305
1654	931321
1654	1217878
1655	397344
1655	1208167
1656	1364974
1656	943370
1656	1027613
1656	1335205
1656	165760
1656	20069
1656	1167225
1656	302926
1656	873344
1656	1098430
1656	925013
1656	1087292
1656	830459
1656	1047915
1656	943147
1656	702756
1657	487341
1657	1590025
1657	221545
1657	107990
1657	325241
1657	121278
1657	868305
1657	302849
1657	1014080
1657	919612
1657	1293196
1657	1431586
1657	102706
1657	661730
1657	784335
1657	694988
1657	826295
1657	1416207
1657	325528
1657	132450
1657	672715
1657	1172833
1657	146455
1658	231228
1658	527478
1659	831079
1659	1177944
1660	311838
1660	306835
1661	1024020
1661	1478685
1662	125579
1662	425640
1663	633652
1663	811426
1664	1492372
1664	772237
1665	208015
1665	71914
1666	214943
1666	210913
1667	18499
1667	230892
1668	1320237
1668	1091263
1668	307696
1668	327281
1669	178003
1669	475751
1670	670973
1670	837109
1671	270806
1671	1155383
1671	1363711
1672	915622
1672	1462543
1672	1262385
1672	20364
1673	77690
1673	343135
1674	1429976
1674	467280
1675	1326793
1675	1271304
1676	826413
1676	1573403
1677	1229587
1677	415676
1678	692753
1678	991267
1679	1513291
1679	1330419
1680	305360
1680	1100602
1680	1514302
1680	336645
1680	879628
1680	1508649
1680	879399
1680	1647511
1680	326012
1680	102747
1680	735243
1680	1462019
1680	1600126
1680	1494030
1680	1027563
1680	515727
1680	1394664
1680	1650573
1680	1094756
1680	629892
1680	622725
1680	1622837
1680	1536509
1680	235877
1680	231423
1680	132109
1680	1047669
1680	1536412
1680	1684602
1680	231907
1681	1165686
1681	1019049
1682	1371643
1682	1370298
1683	173189
1683	579083
1684	689896
1684	656570
1685	836273
1685	673111
1686	796146
1686	986600
1687	1253026
1687	991000
1688	1317977
1688	1153805
1689	595308
1689	1167343
1689	1164907
1689	1227799
1689	1228126
1690	712468
1690	776308
1691	1356783
1691	816424
1692	336498
1692	1628305
1693	716561
1693	547466
1693	783960
1694	257376
1694	740932
1695	1138956
1695	1670934
1696	923378
1696	452820
1697	43738
1697	420038
1698	1640120
1698	81439
1699	897274
1699	486564
1700	572206
1700	1137534
1701	165549
1701	1509529
1702	1460938
1702	1056610
1703	200209
1703	640418
1704	595852
1704	257205
1704	1646142
1705	1024760
1705	75323
1706	1648157
1706	655970
1707	1294881
1707	514257
1708	1315278
1708	1163027
1709	1138765
1709	129814
1709	1342718
1710	459016
1710	508595
1711	520045
1711	553645
1712	480289
1712	1335657
1713	568511
1713	1643793
1714	473016
1714	1625676
1715	1128492
1715	1128394
1716	179311
1716	1645006
1717	1512849
1717	678878
1718	103231
1718	1420527
1718	1690328
1718	479238
1718	1274888
1718	344659
1718	1075974
1718	1475337
1718	1491914
1718	392758
1718	1170112
1719	210036
1719	1109146
1720	67715
1720	435839
1721	302200
1721	700619
1722	228055
1722	1199436
1722	1128103
1722	192293
1722	1172819
1722	993551
1722	1627634
1722	531306
1722	1473457
1722	257706
1722	1081541
1722	1173439
1722	1035051
1722	1621000
1722	472159
1722	571097
1722	1371956
1722	1128821
1722	1674067
1722	326879
1723	1161244
1723	1521533
1724	1257056
1724	924800
1725	1590043
1725	1084313
1725	411374
1726	326201
1726	322327
1727	280932
1727	897912
1728	530874
1728	744153
1729	1275454
1729	985427
1730	424700
1730	1312698
1731	1466362
1731	221542
1731	1360684
1731	936485
1731	765364
1731	1015506
1731	165397
1732	71227
1732	302667
1733	775013
1733	1170279
1734	553395
1734	679358
1734	1140406
1735	807735
1735	379990
1736	519391
1736	1000491
1736	827519
1737	1093723
1737	386353
1738	982905
1738	171911
1739	165978
1739	414314
1739	268535
1740	1333332
1740	924080
1740	1410771
1740	449368
1740	437264
1740	1205148
1741	1518341
1741	983482
1742	1165899
1742	1412524
1743	476053
1743	1666570
1744	1660730
1744	166374
1745	455013
1745	121213
1745	852598
1745	480350
1746	905519
1746	1354159
1747	302445
1747	1539999
1748	943796
1748	1396073
1749	1670030
1749	1642089
1750	700316
1750	697377
1751	1136184
1751	1228105
1751	1567740
1751	1378681
1751	113438
1751	1535564
1751	238777
1751	947214
1751	781171
1751	928153
1751	603581
1751	1404889
1751	1223699
1751	114822
1752	1053094
1752	1626370
1753	203365
1753	1078121
1753	1555262
1753	1623084
1753	146433
1753	739966
1753	1086616
1754	1421093
1754	1418790
1755	1076296
1755	872727
1756	660180
1756	1515157
1757	1113688
1757	1349517
1758	700605
1758	1078862
1759	976524
1759	1375038
1760	1318256
1760	1588239
1761	296444
1761	935226
1762	182770
1762	1169767
1762	348794
1762	47562
1762	20245
1762	1670412
1763	879915
1763	1151443
1764	1368533
1764	399197
1765	1475230
1765	1571303
1765	1295426
1766	307234
1766	595037
1767	338674
1767	506967
1768	1478277
1768	110858
1769	177328
1769	114804
1770	143205
1770	145282
1771	366922
1771	461733
1772	654821
1772	1560079
1773	131035
1773	1466545
1774	457312
1774	639228
1774	642038
1775	1568364
1775	1204003
1776	1672139
1776	765134
1777	1475073
1777	1215802
1778	89165
1778	259644
1779	698513
1779	1262762
1779	929706
1779	980936
1779	445541
1779	1469923
1780	1363861
1780	411852
1781	137487
1781	1482328
1782	807192
1782	1549445
1783	623737
1783	1152924
1783	1075178
1784	1155094
1784	501148
1785	1394425
1785	1277586
1786	259439
1786	74157
1787	424589
1787	1331617
1787	472794
1787	1402682
1787	1208533
1787	1662527
1787	783977
1787	1356269
1787	1550551
1787	790842
1787	583377
1787	1616737
1787	102788
1787	390961
1787	1540429
1787	1437247
1787	62710
1787	325470
1787	1189697
1787	1097601
1787	1469067
1788	205614
1788	521293
1789	1215442
1789	270456
1790	1099681
1790	488157
1791	64284
1791	1680595
1792	807947
1792	1006894
1793	436286
1793	1683707
1794	951622
1794	1164741
1795	1449456
1795	1532317
1795	13883
1795	475360
1795	420026
1795	655490
1795	1392805
1795	1322377
1795	950790
1795	1096886
1795	534975
1795	1676215
1795	1377245
1795	452576
1795	767205
1795	447770
1796	1451236
1796	1250851
1797	518632
1797	986464
1798	107439
1798	476153
1799	415197
1799	509829
1800	504905
1800	487507
1801	442377
1801	1487466
1801	986330
1801	1347733
1802	1489291
1802	1091375
1803	567796
1803	1278328
1804	315714
1804	1176072
1805	265908
1805	951257
1806	1136637
1806	1286261
1807	537385
1807	1260897
1807	533394
1807	686177
1807	1524287
1807	807082
1807	1620426
1807	1555654
1807	1560462
1807	1377955
1807	648498
1807	261879
1808	569484
1808	933416
1809	1584156
1809	510639
1810	178060
1810	928384
1810	44260
1810	1590286
1810	231209
1811	238247
1811	1590582
1812	608296
1812	777692
1812	1354523
1813	606527
1813	911057
1814	262369
1814	1489441
1815	1645037
1815	821117
1816	1466139
1816	1219783
1817	1568423
1817	23991
1817	1091183
1818	326151
1818	765602
1819	989757
1819	1580723
1820	1302352
1820	1302287
1821	1516205
1821	88159
1822	1154550
1822	1259957
1823	179407
1823	885990
1824	1033184
1824	617227
1825	524473
1825	1089194
1826	515403
1826	622175
1827	43056
1827	231666
1828	1106902
1828	1012648
1829	46268
1829	637851
1830	1217348
1830	1372796
1831	106288
1831	283127
1832	645235
1832	106284
1833	479925
1833	981745
1834	1320313
1834	1461379
1835	51309
1835	1318911
1836	1569649
1836	1212333
1837	80579
1837	392631
1838	974384
1838	612867
1839	826239
1839	1015680
1840	1298592
1840	807429
1840	729325
1840	650202
1840	726021
1840	102996
1840	763524
1840	1013378
1840	9638
1840	876367
1840	519062
1840	67498
1840	1673720
1840	1024424
1840	938870
1840	909152
1841	1087441
1841	1524646
1842	67034
1842	1026274
1843	263773
1843	1001843
1844	123491
1844	1368484
1845	1328829
1845	1134485
1845	267964
1845	1670333
1845	993198
1846	67691
1846	1667085
1847	1643912
1847	1436396
1847	50709
1848	1548405
1848	833266
1849	901793
1849	1512012
1850	1085169
1850	558876
1851	264504
1851	125826
1851	108220
1851	989674
1852	1179945
1852	263992
1853	220150
1853	562290
1853	878931
1853	1567992
1853	1579046
1854	619511
1854	51070
1855	1467633
1855	1377107
1856	477105
1856	243549
1857	1041085
1857	1326381
1858	70729
1858	1682805
1858	1623950
1858	419454
1858	110302
1858	937243
1859	913635
1859	1480619
1860	1104227
1860	1109579
1861	674296
1861	135111
1862	1420290
1862	297608
1863	766112
1863	1320769
1864	1379075
1864	1256249
1864	1363272
1864	1468388
1864	1553588
1864	519085
1864	912838
1864	1073475
1864	506714
1864	1677759
1865	1574699
1865	166051
1866	663337
1866	1683161
1867	1026278
1867	851757
1868	65930
1868	596104
1869	313786
1869	667255
1870	315735
1870	1423187
1871	1490641
1871	910208
1872	1223445
1872	1643869
1873	1094640
1873	533878
1874	1290839
1874	1509097
1875	1562831
1875	1681907
1876	1242495
1876	1454968
1877	326045
1877	388940
1877	1131201
1877	1131002
1878	704366
1878	774005
1879	530069
1879	850299
1879	175324
1880	1090679
1880	1287251
1881	1586788
1881	381082
1882	1491891
1882	443387
1883	1494228
1883	659608
1884	1462589
1884	914995
1885	747204
1885	1261180
1886	129081
1886	867210
1887	914422
1887	185276
1888	1334988
1888	866826
1889	76184
1889	826787
1890	1069296
1890	238974
1891	1677288
1891	1302918
1892	1569368
1892	429035
1893	918234
1893	1670378
1894	877993
1894	325853
1895	887087
1895	631508
1896	783590
1896	1070247
1896	303094
1896	326604
1896	989332
1896	42503
1896	270413
1896	230244
1896	1671046
1897	1426332
1897	95410
1898	326179
1898	1091253
1899	733078
1899	744034
1900	1365372
1900	1518384
1901	338000
1901	559420
1902	1668061
1902	1047044
1903	429683
1903	373303
1904	227816
1904	945145
1905	181034
1905	335574
1906	996842
1906	908300
1907	1061037
1907	204868
1908	1440819
1908	1164909
1909	236260
1909	1279542
1910	477470
1910	313654
1911	1481732
1911	348620
1912	942749
1912	895895
1913	404935
1913	1472142
1914	395360
1914	1398016
1915	559267
1915	473428
1915	1361935
1915	1179409
1916	668129
1916	748611
1917	1664615
1917	827438
1918	1352897
1918	997820
1919	1429774
1919	1487192
1919	739830
1919	654213
1920	1595057
1920	1474795
1920	989959
1920	178206
1920	1601985
1921	1631117
1921	1023292
1922	1589106
1922	809507
1923	1071524
1923	1334090
1924	272243
1924	944174
1924	210424
1924	1205035
1925	419651
1925	925211
1926	1178655
1926	1090677
1927	861447
1927	1327111
1927	1054428
1927	1691219
1928	1137535
1928	7055
1928	513942
1928	64695
1928	327052
1928	487729
1929	1581394
1929	1685438
1930	1336266
1930	939406
1931	76512
1931	436384
1932	662287
1932	850945
1932	531827
1932	749369
1932	210303
1932	1461350
1933	610894
1933	114841
1934	807482
1934	68243
1935	433264
1935	544703
1936	1355111
1936	1394497
1936	1626450
1937	540349
1937	542642
1938	1099996
1938	76981
1939	229445
1939	832571
1940	941643
1940	991805
1941	853939
1941	1068353
1942	79354
1942	1600128
1943	1556362
1943	1160365
1944	774651
1944	946173
1944	364726
1944	994545
1944	1006515
1945	66899
1945	178050
1946	127622
1946	254367
1947	521251
1947	1584390
1948	524592
1948	1536242
1949	1075456
1949	613158
1950	468625
1950	51634
1951	659120
1951	663449
1951	221544
1951	493520
1951	1423633
1951	1397969
1951	1275937
1951	114404
1951	1272619
1951	610065
1951	539132
1951	815904
1951	1480518
1951	1593712
1951	888442
1951	1068868
1951	345546
1951	1214775
1951	746257
1951	1589035
1951	1597667
1951	542136
1951	487337
1951	1442886
1951	1459876
1951	1578916
1951	172482
1951	764075
1951	1459288
1951	1259568
1951	600894
1951	1316825
1951	441815
1951	1212745
1952	1459725
1952	573869
1952	1342356
1952	532979
1952	1429210
1952	1384213
1952	796732
1952	981471
1952	237802
1952	1427059
1952	1242465
1952	132806
1952	1481718
1953	441052
1953	266320
1953	1255673
1954	166219
1954	231717
1955	1233253
1955	929036
1956	6696
1956	1377822
1957	207655
1957	177728
1958	310925
1958	766740
1959	328341
1959	1027344
1960	1425582
1960	859098
1960	1411321
1960	1483600
1961	523908
1961	1089739
1962	1055324
1962	1642353
1963	784494
1963	1227106
1964	593728
1964	1153222
1965	63410
1965	1467028
1966	349259
1966	1552625
1967	700090
1967	1412441
1968	321397
1968	435431
1968	657930
1968	1438650
1968	1226288
1968	935777
1968	554656
1968	1138596
1969	597875
1969	1627549
1970	1536146
1970	615834
1971	133795
1971	222290
1972	190762
1972	197415
1973	1128088
1973	433653
1974	1586543
1974	775358
1975	1283351
1975	805080
1975	848493
1976	278148
1976	282045
1977	1088389
1977	555976
1978	104926
1978	311714
1979	1433985
1979	1327332
1980	465848
1980	1410276
1981	611449
1981	1412679
1982	886387
1982	704341
1983	1266411
1983	1376
1984	1335966
1984	981813
1985	323073
1985	79297
1986	1092866
1986	103168
1987	1112791
1987	1120233
1988	1373759
1988	115589
1989	848422
1989	764063
1990	1100650
1990	1556129
1991	946223
1991	347610
1992	1090591
1992	882114
1993	103292
1993	1025251
1994	557032
1994	103295
1994	1161459
1995	69772
1995	1417050
1996	1482530
1996	1073932
1996	986591
1997	1057955
1997	231586
1998	1670949
1998	178020
1999	382550
1999	620001
2000	220245
2000	23488
2001	675839
2001	231636
2002	445915
2002	326117
2003	205483
2003	1661961
2004	223363
2004	106845
2004	1676655
2004	593560
2004	982664
2004	1016243
2004	303143
2005	1692782
2005	697648
2005	1021214
2006	4174
2006	70591
2007	866540
2007	701919
2008	634775
2008	1371082
2008	540981
2008	129901
2008	1240848
2008	1333301
2008	52814
2008	425544
2008	1626087
2008	1513475
2008	1309800
2008	1173510
2008	662993
2009	760399
2009	1519599
2010	1458172
2010	1070997
2011	1325872
2011	1570561
2012	130110
2012	1460993
2013	431502
2013	533870
2014	1421268
2014	12625
2015	599929
2015	822889
2016	995185
2016	1327208
2017	185535
2017	1551844
2018	46993
2018	606147
2018	439390
2019	442221
2019	121503
2020	1138828
2020	210195
2021	638925
2021	1668991
2022	836758
2022	1518735
2023	176080
2023	815699
2023	982319
2024	102915
2024	683280
2025	566615
2025	599828
2026	1222472
2026	1373454
2027	108620
2027	565054
2027	689457
2027	919685
2027	1176274
2027	271351
2027	65191
2027	1590010
2028	178252
2028	1566662
2029	1227730
2029	656694
2030	669637
2030	334019
2031	310051
2031	66306
2032	835675
2032	1547868
2033	676045
2033	600568
2034	1205974
2034	529710
2035	747903
2035	1463827
2036	17884
2036	515433
2037	944838
2037	751029
2038	875617
2038	1276219
2038	1290511
2038	210211
2038	936946
2038	633086
2038	264393
2038	109358
2038	122204
2038	1088190
2038	1320094
2038	537633
2038	902652
2038	607124
2038	304377
2038	605120
2038	1100112
2038	165674
2038	1598424
2039	559076
2039	873513
2039	1364118
2040	1020272
2040	688607
2041	145495
2041	567580
2042	1579861
2042	110696
2043	744643
2043	415771
2043	254615
2043	1487654
2043	326213
2043	1474208
2043	1656099
2043	131182
2043	1295893
2043	166929
2043	1093830
2043	978008
2043	166188
2043	1094875
2043	877674
2044	679787
2044	241026
2045	1365661
2045	1426336
2045	80986
2045	910704
2045	1429282
2045	995345
2045	1583708
2046	1438350
2046	321203
2047	1225565
2047	581545
2048	1482989
2048	1576508
2048	1198526
2048	1676685
2048	1074709
2048	261257
2048	451950
2048	181988
2048	902089
2048	3358
2049	850435
2049	1483539
2049	913535
2049	65822
2049	75779
2049	868300
2049	1177247
2050	1268662
2050	1267572
2050	1268949
2051	807955
2051	68406
2052	1568273
2052	210298
2053	1522981
2053	1330137
2054	321957
2054	827072
2055	993635
2055	173759
2056	601733
2056	63654
2057	154717
2057	154550
2058	890446
2058	980462
2059	1438050
2059	1427090
2059	1135285
2060	1331860
2060	183656
2061	1471169
2061	1379094
2062	1535698
2062	349279
2063	452514
2063	1524673
2064	168146
2064	438736
2065	203842
2065	1181484
2066	673200
2066	1600197
2067	132585
2067	71149
2068	172887
2068	203971
2069	570053
2069	617517
2070	1323318
2070	860696
2071	649620
2071	852839
2071	225511
2072	347186
2072	1019762
2073	417539
2073	509585
2073	699427
2074	1007857
2074	263303
2075	439183
2075	1535601
2076	1422160
2076	1222316
2077	404251
2077	1155097
2078	97818
2078	469791
2079	1228141
2079	673316
2080	942120
2080	1256240
2080	1536293
2080	238954
2080	477717
2080	1678195
2080	1016014
2080	1180877
2081	289120
2081	287859
2082	209996
2082	862451
2083	1052502
2083	209990
2084	692099
2084	1363216
2085	170759
2085	107333
2086	1479145
2086	595246
2087	590902
2087	590547
2088	1051889
2088	1536136
2089	14939
2089	1571251
2090	1016875
2090	1353671
2091	224172
2091	1104361
2092	27833
2092	1371300
2092	204820
2092	696480
2093	1588479
2093	116561
2094	303240
2094	282022
2095	732341
2095	1233234
2096	412836
2096	1424235
2097	539960
2097	546364
2098	589046
2098	591411
2099	340455
2099	594106
2100	597523
2100	1621210
2100	1150973
2100	185512
2100	891952
2100	1561148
2100	483978
2100	1585744
2100	1426551
2100	1393302
2100	1260174
2101	826858
2101	1051773
2102	906977
2102	1090469
2102	1229990
2102	119242
2103	1093258
2103	618844
2104	1207570
2104	921682
2105	504827
2105	1225444
2106	939622
2106	972304
2107	963833
2107	857063
2108	560450
2108	1623673
2109	560451
2109	1171435
2110	936986
2110	1408797
2111	596283
2111	1561791
2112	1600439
2112	600763
2112	1281261
2113	1279691
2113	1600423
2114	905877
2114	1553906
2115	381367
2115	633618
2116	573997
2116	1078544
2117	1410622
2117	1460970
2118	637829
2118	637957
2119	70592
2119	1214389
2119	1274846
2119	1005812
2119	1323178
2119	1466958
2119	257264
2119	1461541
2119	820408
2119	380751
2119	916969
2119	11955
2119	1627163
2119	558280
2119	435363
2119	937419
2119	1180536
2119	1360922
2119	1413765
2119	126191
2119	649761
2119	132537
2119	413534
2119	487207
2119	803852
2120	18031
2120	1275380
2121	1011493
2121	1396405
2121	1621411
2122	796108
2122	533310
2123	130714
2123	379755
2124	1165950
2124	1070296
2125	697480
2125	203716
2126	1466017
2126	774693
2127	1636852
2127	1554512
2128	1536188
2128	1631891
2128	1012746
2128	469159
2128	733635
2129	435532
2129	127377
2130	1570278
2130	1086754
2130	999459
2131	1085057
2131	1505880
2132	712229
2132	813834
2133	1316005
2133	1433151
2134	594197
2134	1225335
2134	1505738
2134	768335
2134	173381
2134	1629457
2134	306958
2134	308036
2134	393887
2134	1461770
2134	766325
2134	489621
2134	479620
2134	433296
2134	252867
2134	1058622
2134	832513
2134	608286
2134	1027070
2134	1641455
2134	349252
2134	445948
2134	1003905
2135	383851
2135	1568780
2136	766718
2136	1316480
2137	649920
2137	1013479
2138	1512512
2138	1010457
2139	913075
2139	6659
2140	177768
2140	422563
2141	994324
2141	1585748
2142	177763
2142	1670649
2143	231306
2143	314450
2144	423600
2144	1216312
2145	332760
2145	774369
2146	1461036
2146	1349795
2146	877535
2146	784678
2146	1690772
2146	550011
2146	1572689
2146	1422768
2146	1302473
2146	451670
2146	29319
2146	1449149
2146	1371947
2146	508103
2146	1068841
2146	389565
2146	208878
2146	628781
2146	1625389
2146	1681058
2146	679863
2146	709388
2146	662513
2146	1689900
2146	697851
2146	1238182
2146	698209
2146	1684526
2146	941017
2146	117084
2146	1413523
2146	1181975
2146	1582067
2146	1507333
2146	664163
2146	1520902
2146	1573849
2146	608344
2146	860139
2146	1471454
2146	709612
2146	398505
2146	782816
2146	269048
2146	1368398
2146	303888
2146	5730
2147	309577
2147	444035
2148	1209072
2148	1100847
2148	1383144
2149	997210
2149	1020665
2149	987205
2149	885688
2150	362022
2150	366155
2151	236795
2151	513280
2152	1281110
2152	1508551
2153	1287813
2153	1579001
2154	865951
2154	1549360
2155	471547
2155	49821
2155	340098
2155	1903
2156	776428
2156	569951
2157	318455
2157	235842
2158	1329032
2158	252516
2159	938163
2159	429442
2159	986409
2160	883686
2160	1670707
2161	332583
2161	943097
2162	1508438
2162	559813
2163	843726
2163	695522
2164	390106
2164	1224942
2165	1562467
2165	1072831
2166	79786
2166	1670713
2166	170930
2166	322749
2166	597271
2167	436515
2167	165676
2168	601554
2168	1233790
2169	380995
2169	429514
2170	1536450
2170	325830
2171	438870
2171	700154
2171	325835
2171	1076884
2172	233216
2172	734767
2173	229834
2173	1360232
2174	529104
2174	1421375
2175	734084
2175	1587804
2176	1389370
2176	221470
2177	1198130
2177	310787
2178	771752
2178	466075
2179	1600655
2179	1490174
2179	1523617
2179	1092117
2179	663701
2179	1644644
2179	867411
2179	1233903
2179	1162612
2179	1166837
2179	173711
2179	930715
2179	1072890
2179	838035
2179	1600193
2179	1172382
2179	768925
2179	650093
2179	1205316
2179	1494174
2179	445626
2179	41143
2179	6045
2179	166306
2179	1174373
2179	302800
2179	1290957
2179	133882
2179	1171375
2179	131976
2179	1158566
2179	1600508
2179	1523624
2179	1001031
2179	1481311
2179	1000645
2179	800983
2179	1485678
2179	607792
2179	769782
2179	1225935
2179	682897
2179	829266
2179	1491840
2179	1007915
2179	416568
2179	561691
2179	681573
2179	202392
2179	105260
2179	1164425
2179	931972
2180	1670502
2180	1412765
2180	1277997
2180	800083
2180	472566
2180	1003952
2180	1414070
2180	480140
2180	1173069
2180	339232
2180	241611
2180	130626
2180	855998
2180	184327
2180	1517283
2180	1650820
2180	1624935
2180	185677
2181	867626
2181	873270
2182	803423
2182	310434
2183	414519
2183	816753
2184	354348
2184	358736
2185	945021
2185	522349
2186	862363
2186	999866
2187	526990
2187	262184
2188	1688820
2188	1170127
2189	765910
2189	207419
2190	327885
2190	261189
2190	1546984
2191	98376
2191	1162029
2192	926202
2192	1205602
2193	1429010
2193	424722
2194	852228
2194	922527
2195	636871
2195	327601
2196	629919
2196	303578
2197	1466674
2197	1478219
2197	892389
2198	744658
2198	872717
2199	811291
2199	165999
2200	1590049
2200	114764
2201	656068
2201	1363579
2202	816289
2202	1363707
2203	1282609
2203	409537
2204	1152135
2204	837450
2204	749127
2204	1138476
2204	1690220
2204	270354
2204	1093777
2204	774433
2204	1019168
2204	1510934
2205	1350362
2205	422390
2206	1213640
2206	1560172
2207	441302
2207	926776
2208	227167
2208	686758
2209	371933
2209	871531
2210	105207
2210	470194
2211	395469
2211	1564215
2212	772030
2212	1417930
2212	336563
2212	1005411
2212	664499
2212	1214997
2212	303215
2212	1587600
2212	511736
2212	1225827
2212	1091078
2212	326668
2212	9050
2212	333702
2212	177673
2212	20501
2212	177884
2212	103442
2212	766805
2212	672525
2213	1431794
2213	215563
2214	556680
2214	1462672
2214	745956
2215	1628203
2215	223421
2216	1027960
2216	1345025
2217	621680
2217	331037
2218	255309
2218	1670153
2219	1477237
2219	1091117
2220	1091346
2220	1336197
2221	1053434
2221	1255582
2222	695198
2222	1467706
2223	381121
2223	776672
2224	1644056
2224	303592
2225	566809
2225	803636
2225	472405
2226	432675
2226	992152
2227	170032
2227	1071277
2228	258439
2228	311109
2229	795980
2229	1646629
2230	1249951
2230	686362
2230	1632638
2230	1442573
2230	49600
2230	615462
2230	625736
2230	1677344
2230	1534041
2230	1094955
2230	685265
2230	914663
2230	1263974
2230	51640
2230	1022203
2230	1277387
2230	345134
2230	1159933
2231	365717
2231	1513341
2232	1208242
2232	652378
2233	14244
2233	1069255
2234	183062
2234	381699
2235	999443
2235	829988
2236	559187
2236	435654
2237	1477681
2237	1093648
2238	7432
2238	779527
2239	622846
2239	1332177
2240	624448
2240	1274089
2241	1059983
2241	1060862
2242	301702
2242	302003
2243	393485
2243	1021831
2244	96749
2244	840456
2245	920224
2245	1351045
2246	1188170
2246	1561599
2246	323962
2247	748024
2247	1519642
2248	1359401
2248	1511491
2249	135265
2249	1058150
2249	676845
2249	1097569
2250	698049
2250	338337
2250	707589
2250	114652
2250	697525
2250	409997
2250	292510
2250	839417
2250	565041
2250	558164
2250	65779
2250	547478
2250	544196
2250	653415
2250	299719
2250	1277025
2250	988858
2250	1126979
2250	711951
2250	394795
2250	1280275
2250	914984
2250	806566
2250	318671
2250	277293
2250	375789
2250	1460746
2250	291467
2250	1618548
2250	1349624
2250	563348
2250	1636030
2250	1411572
2250	935814
2250	1658523
2250	691306
2250	437059
2250	1275280
2250	1678333
2250	956079
2251	672161
2251	463187
2252	1640889
2252	605729
2253	1645018
2253	1227958
2253	917908
2254	345625
2254	1258253
2255	854527
2255	1564428
2256	1647087
2256	1678640
2257	1158745
2257	706669
2257	68058
2257	826111
2257	1672191
2257	483008
2258	672881
2258	1473141
2259	1310688
2259	1467012
2260	1536508
2260	146373
2261	1435020
2261	257335
2262	384982
2262	1296307
2263	210163
2263	1019186
2264	785321
2264	1561059
2265	1507877
2265	222276
2266	1414278
2266	636367
2267	8220
2267	565486
2268	234583
2268	1100318
2269	123200
2269	885886
2270	493846
2270	829878
2271	178083
2271	1536105
2272	1082379
2272	560178
2273	259918
2273	983854
2274	452919
2274	118198
2275	1354464
2275	1390421
2275	1514306
2276	1623909
2276	465463
2277	323853
2277	813082
2277	178732
2277	595205
2277	860112
2278	1685397
2278	385327
2279	1082080
2279	699880
2280	1223403
2280	688789
2281	114747
2281	530292
2282	325605
2282	1210932
2282	1515482
2283	1050393
2283	1057957
2284	1362818
2284	1289598
2285	230803
2285	697200
2286	230776
2286	784102
2287	1135320
2287	181309
2287	883147
2288	915995
2288	1600670
2289	915994
2289	1318654
2289	1136239
2289	1334087
2290	980133
2290	1050045
2291	1075347
2291	535150
2292	1014145
2292	658964
2292	109026
2292	494255
2292	1546234
2292	433830
2292	870336
2292	123824
2292	628405
2292	626580
2292	1083368
2292	1226951
2292	1465375
2292	176357
2292	694168
2292	1258556
2293	166190
2293	420030
2294	1397657
2294	1578439
2295	348441
2295	1245151
2296	774221
2296	1210559
2297	309448
2297	1536432
2298	1020348
2298	439447
2299	45913
2299	853294
2300	795761
2300	1504248
2301	675879
2301	1640566
2301	210132
2302	910004
2302	561824
2303	6022
2303	702994
2304	578420
2304	983022
2305	1226870
2305	1165418
2306	1052722
2306	1246838
2307	320270
2307	1047826
2308	1150896
2308	1180888
2308	934955
2308	1152098
2308	220687
2308	126140
2308	850837
2308	1581529
2308	1154545
2308	1365713
2308	1152067
2309	803340
2309	682849
2310	1578700
2310	1300152
2311	663252
2311	1686852
2312	852673
2312	10292
2313	396233
2313	63393
2314	17761
2314	1436788
2314	1252059
2314	1690296
2314	1277244
2314	739174
2314	1670406
2314	397639
2314	922808
2314	322692
2314	1669995
2314	564284
2314	530859
2314	334797
2314	996191
2314	473295
2314	1229647
2314	572031
2314	1484981
2314	1504498
2314	130050
2314	1205057
2314	974677
2314	103351
2314	708255
2314	674074
2315	673181
2315	634845
2315	1566152
2315	1462924
2315	115331
2315	1255472
2315	648330
2316	84309
2316	84858
2317	804738
2317	203432
2318	1218258
2318	619687
2319	814809
2319	941480
2320	317108
2320	427305
2321	348832
2321	989339
2321	83612
2321	371373
2321	924013
2321	834430
2321	818152
2321	87248
2321	189283
2321	114533
2321	853693
2322	1061
2322	1090890
2323	1017290
2323	179762
2324	325654
2324	103065
2325	132386
2325	1227879
2326	508896
2326	1010200
2327	1505778
2327	1468420
2328	1212794
2328	1360633
2329	1016156
2329	712244
2330	1551579
2330	992580
2331	507069
2331	511729
2332	425930
2332	1680589
2333	1362735
2333	394496
2334	1577695
2334	1465049
2335	521750
2335	394492
2336	702956
2336	854764
2337	412117
2337	1670770
2337	832294
2338	594631
2338	1253109
2338	174310
2339	1407609
2339	1401365
2340	1621247
2340	1077861
2341	1014880
2341	1131976
2342	389037
2342	1282521
2343	61893
2343	1171897
2343	571164
2343	1433923
2343	670207
2344	1023329
2344	1590057
2345	1433639
2345	1622994
2346	1625050
2346	1014086
2347	425617
2347	167162
2347	480644
2347	1674644
2347	1554905
2347	1462701
2347	1684067
2347	526072
2347	47637
2347	1161139
2347	890603
2347	442937
2347	904999
2347	1535524
2347	1549638
2347	1282605
2348	778100
2348	320047
2349	707598
2349	386775
2350	697062
2350	1559757
2351	675236
2351	1669794
2352	146352
2352	397631
2352	765152
2352	1418483
2352	1316148
2352	1058692
2352	535881
2352	1286623
2353	1173530
2353	1381079
2354	541134
2354	1143769
2354	66917
2354	1236711
2354	210583
2354	739193
2355	902509
2355	1006478
2356	412400
2356	44613
2357	598867
2357	1691201
2358	1137029
2358	41644
2359	1216104
2359	564066
2360	70877
2360	711446
2361	975359
2361	203350
2362	822183
2362	381867
2363	335675
2363	107749
2364	15349
2364	382797
2365	503403
2365	502226
2366	269993
2366	777581
2367	76129
2367	801363
2368	940785
2368	951361
2369	1595429
2369	110005
2369	582901
2369	495818
2369	130815
2369	464135
2369	437814
2369	1135144
2369	1678971
2369	579890
2369	1686265
2369	695525
2369	1413556
2369	217453
2369	1258341
2369	410443
2369	1559435
2369	619942
2369	1468850
2369	1375931
2369	397050
2369	1232899
2369	1090431
2369	397842
2369	1115408
2369	921433
2369	564569
2369	404123
2369	274582
2369	1088480
2369	8200
2369	578455
2369	221190
2369	1607966
2369	1395819
2369	1558951
2369	475923
2369	1138089
2369	467751
2369	1080728
2369	896505
2369	1024919
2369	646515
2369	282591
2369	1400130
2369	492292
2369	598371
2369	771758
2369	1080244
2369	1078286
2369	603573
2369	184664
2370	889412
2370	742776
2370	1256215
2370	1439386
2371	435756
2371	1336476
2372	1410419
2372	208205
2373	1682465
2373	1628417
2374	852112
2374	1634174
2375	1000763
2375	1265796
2376	398568
2376	1070968
2377	168564
2377	1428507
2377	881648
2377	516411
2377	1293127
2377	1521009
2377	1319670
2377	1074730
2377	1670928
2377	1481095
2378	1642026
2378	102406
2379	562138
2379	775486
2380	1205074
2380	110027
2381	429050
2381	337716
2382	556775
2382	343597
2383	241659
2383	1669976
2384	891908
2384	18423
2384	912816
2385	943005
2385	1159170
2386	63005
2386	569163
2387	1355228
2387	436728
2388	398351
2388	998606
2389	650459
2389	1562466
2390	1049016
2390	1369468
2391	1152330
2391	654986
2392	905064
2392	1073487
2393	136161
2393	113379
2394	808402
2394	426729
2394	655063
2395	1402398
2395	313451
2396	600870
2396	1397984
2397	1557331
2397	796619
2398	324277
2398	999760
2398	380505
2399	1648571
2399	1223566
2399	466452
2400	513039
2400	1388798
2401	802072
2401	127431
2401	1206647
2402	772541
2402	400815
2403	1560692
2403	1176136
2404	698789
2404	1354571
2405	425711
2405	102736
2406	564187
2406	630956
2407	1410322
2407	18051
2407	1565735
2407	908142
2407	1423712
2407	1565718
2407	885393
2407	314584
2407	1371651
2407	1212099
2407	481854
2407	682478
2407	743032
2407	876864
2407	1008036
2407	177759
2407	613272
2407	413718
2407	178193
2407	1204716
2407	802286
2407	169624
2407	1432380
2407	851515
2407	233199
2407	734187
2407	648757
2407	1392723
2407	267574
2407	908482
2407	1212972
2407	1367879
2407	1219074
2407	1233692
2407	1025913
2407	828748
2407	469346
2407	443653
2407	637300
2407	1507600
2407	5596
2407	269080
2407	64816
2407	480078
2407	1679682
2407	799824
2407	636172
2407	856413
2407	1506700
2407	321182
2407	486095
2407	1149984
2408	1282604
2408	692990
2408	426581
2409	622588
2409	303259
2410	128761
2410	1220394
2411	1092282
2411	417322
2412	270886
2412	1488415
2413	440785
2413	854676
2414	173322
2414	1323095
2415	110615
2415	562280
2416	223266
2416	620465
2416	520110
2417	450274
2417	326368
2418	694679
2418	570809
2419	693308
2419	430510
2420	606260
2420	1319613
2421	1260867
2421	1486808
2422	1414961
2422	177786
2423	114466
2423	988939
2424	350754
2424	567004
2425	553715
2425	1437963
2426	617181
2426	1054832
2427	1355418
2427	678241
2428	572535
2428	622124
2429	660366
2429	1202620
2430	1166048
2430	830319
2431	420911
2431	1577371
2432	80697
2432	237415
2433	45853
2433	317963
2434	1515832
2434	627702
2435	805171
2435	1486343
2436	78453
2436	993027
2437	1258543
2437	781180
2438	1019349
2438	360447
2439	437731
2439	809598
2440	1090737
2440	1365291
2441	1678076
2441	621283
2442	396572
2442	1475832
2442	470599
2442	1548938
2442	1136144
2442	1570462
2442	69867
2442	68360
2442	1206021
2442	1410306
2442	457095
2442	334961
2443	112784
2443	382952
2444	486560
2444	1090738
2445	1679472
2445	347013
2446	1683975
2446	536734
2447	312548
2447	1000061
2448	169647
2448	76412
2449	607853
2449	883059
2450	5022
2450	522515
2451	1163289
2451	557951
2452	674621
2452	1007277
2453	1423866
2453	1409291
2453	1628984
2454	1584574
2454	1676534
2455	103097
2455	1366430

